ALIVE 49 vbat=3.75 link=NO cal=YES rx=NO thr=0 fly=0 land=0 cm=0x01 M=0,0,0,0 R=1 P=-2 Y=139 alt=63 zt=-999 vz=-1 brd=4941 imuerr=29 vib=0.5 fs=N st=44 ce=1082 adcf=0 tof=1 tq=82 ls=0 fx=25 fy=-5 sq=125 fv=1 mc=-1 my=-90 lg=1200/9 vmin=3.08 pmax=0 i2c=30 g=0.1,0.1,-0.0 glitch=3 lr=0 lbad=59 erst=0 i2cto=107 stall=0/5ms10220,80,79,-7,37743,0,319,32644,33598,40900,43830,3,716,-31,-28,-22,-7
10260,80,79,-7,35566,0,319,31184,32488,36970,41622,3,716,-31,-28,-23,-7
10300,80,79,-6,35541,0,319,30859,32629,37291,41385,3,716,-31,-29,-23,-7
10340,80,79,-6,34844,0,319,26738,30258,38748,43632,3,716,-30,-29,-22,-8
10380,80,79,-6,34456,0,319,31053,31787,35965,39019,3,716,-30,-29,-21,-8
10420,80,79,-6,35054,0,319,31979,32413,36191,39633,3,716,-30,-28,-21,-7
10460,80,79,-7,35458,0,319,31533,33061,36381,40857,3,716,-30,-28,-19,-7
10500,81,79,-8,33652,0,319,31095,30925,35219,37369,3,716,-30,-28,-21,-6
10540,81,79,-8,35962,0,319,30354,31608,39918,41968,3,716,-30,-28,-21,-6
10580,81,79,-9,35997,0,319,32006,32022,39054,40906,3,717,-31,-28,-20,-5
10620,81,79,-10,35070,0,319,28602,30532,39242,41904,3,717,-32,-27,-20,-5
10660,81,79,-10,35210,0,319,36981,34345,34641,34873,3,717,-32,-28,-21,-5
10700,81,79,-11,35706,0,319,37664,34498,34074,36588,3,717,-32,-27,-20,-5
10740,81,79,-11,36507,0,319,33882,33672,38038,40436,3,717,-31,-27,-18,-6
10780,81,79,-11,36176,0,319,25711,29357,43723,45913,3,717,-30,-27,-20,-6
10820,81,79,-11,35302,0,319,33266,33148,36646,38148,3,717,-30,-28,-22,-5
10860,81,79,-11,35090,0,319,33339,32729,36707,37585,3,717,-31,-27,-21,-4
10880,81,79,-12,36091,0,319,31365,31671,39821,41507,3,717,-31,-26,-19,-4
10920,81,79,-12,36415,0,319,32190,32440,39444,41586,3,717,-30,-25,-14,-4
10960,81,79,-12,36747,0,319,34287,32549,40909,39243,3,717,-31,-25,-18,-4
11000,81,79,-12,36296,0,319,34352,32984,39070,38778,3,717,-31,-25,-19,-2
11040,81,79,-11,36423,0,319,34713,32793,39797,38389,3,717,-32,-25,-19,-1
11080,81,79,-11,35061,0,319,30302,29338,40780,39824,3,717,-32,-25,-18,0
11120,81,79,-11,36986,0,319,35252,32330,40890,39472,3,717,-32,-25,-18,0
11160,81,79,-11,34539,0,319,30350,27846,41162,38798,3,717,-33,-23,-18,2
11200,81,79,-11,36664,0,319,36409,33631,39627,36989,3,718,-33,-23,-18,4
11240,81,79,-11,35942,0,319,33436,31528,40336,38468,3,718,-33,-22,-15,8
11280,81,79,-11,36154,0,319,33921,31353,41211,38131,3,718,-33,-20,-13,12
11320,81,79,-11,36738,0,319,35145,30797,42689,38321,3,719,-34,-20,-12,14
11360,81,79,-11,34418,0,319,33997,30295,38741,34639,3,719,-36,-19,-12,16
11400,81,79,-11,35854,0,319,36691,31793,39773,35159,3,719,-36,-18,-11,17
11440,81,79,-11,35796,0,319,37286,31656,39722,34520,3,719,-36,-17,-9,18
11480,81,79,-11,35832,0,319,34798,28368,43452,36710,3,719,-36,-17,-8,19
11520,81,79,-11,34972,0,319,33645,28131,42463,35649,3,719,-36,-16,-8,19
11560,81,79,-11,35463,0,319,37537,31535,39211,33569,3,719,-36,-16,-9,19
11600,81,79,-11,37155,0,319,39019,31465,41905,36231,3,719,-36,-16,-6,19
11640,81,79,-11,35726,0,319,34946,27088,42966,37904,3,719,-35,-13,-4,17
11680,81,79,-11,35953,0,319,37445,29063,42097,35207,3,719,-35,-13,-6,15
11700,81,79,-11,37210,0,319,37148,29896,44692,37104,3,719,-35,-14,-7,15
11740,81,79,-11,37437,0,319,38275,29577,44807,37089,3,719,-35,-14,-8,16
11780,80,79,-10,36836,0,319,40446,30084,42128,34686,3,719,-35,-13,-6,15
11820,80,79,-10,35645,0,319,34227,26481,44213,37659,3,719,-35,-13,-8,15
11860,80,79,-9,38333,0,319,40221,31325,44601,37185,3,719,-35,-14,-10,15
11900,80,79,-9,36950,0,319,39222,29336,43246,35996,3,721,-36,-14,-9,14
11940,80,79,-8,37444,0,319,39604,30014,43310,36848,3,723,-36,-14,-10,13
11980,80,79,-7,37077,0,319,39022,30238,41706,37342,3,733,-35,-14,-9,11
12020,80,79,-7,37010,0,319,37257,29963,42783,38037,3,738,-35,-14,-10,10
12060,80,79,-6,37826,0,319,37606,30692,43364,39642,3,738,-35,-14,-12,10
12100,80,79,-5,35797,0,319,36116,30094,39134,37844,3,738,-36,-14,-13,10
12140,80,79,-5,37374,0,319,38165,32809,39353,39169,3,738,-35,-14,-11,9
12180,80,79,-5,37455,0,319,35607,32527,40715,40971,3,738,-34,-13,-11,8
12220,80,79,-4,37226,0,319,35134,32280,40342,41148,3,738,-34,-14,-14,8
12260,80,79,-4,34790,0,318,35870,30826,35868,36596,3,738,-34,-14,-14,6
12300,80,79,-4,36262,0,318,36441,33289,37735,37583,3,738,-34,-14,-12,4
12340,80,79,-4,35390,0,319,33458,31310,37720,39072,3,738,-34,-13,-12,2
12380,80,79,-4,35202,0,319,37592,33892,33310,36014,3,738,-33,-14,-17,0
12420,80,79,-4,34634,0,319,30003,28579,39527,40427,3,738,-34,-15,-19,-3
12460,80,79,-5,34977,0,319,33218,30846,37410,38434,3,738,-32,-17,-25,-5
12500,80,79,-5,36811,0,319,34599,33979,37965,40701,3,740,-33,-18,-27,-6
12520,80,79,-6,35177,0,319,32076,30606,37382,40644,3,743,-32,-19,-28,-7
12560,80,79,-6,37240,0,319,34623,34121,38793,41423,3,743,-32,-19,-29,-8
12600,80,79,-6,36600,0,319,34671,33257,39111,39361,3,743,-32,-20,-32,-7
12640,80,79,-7,36928,0,318,32791,32129,42069,40723,3,743,-32,-20,-33,-6
12680,80,79,-7,36350,0,318,37677,33859,36917,36947,3,743,-33,-20,-33,-5
12720,80,79,-7,36428,0,318,36548,30932,39636,38596,3,744,-33,-19,-31,-6
12760,80,79,-7,35967,0,318,35896,29444,39710,38818,3,744,-34,-17,-27,-8
12800,80,79,-6,35375,0,318,34647,28033,39729,39091,3,744,-33,-17,-26,-9
12840,80,79,-7,36594,0,318,33794,30490,41612,40480,3,744,-34,-15,-21,-9
12880,80,79,-7,36163,0,318,34408,30128,40518,39598,3,744,-34,-12,-12,-7
12920,80,79,-7,35670,0,318,35547,32153,37007,37973,3,744,-35,-8,-2,-5
12960,80,79,-6,37358,0,318,39245,34497,37331,38359,3,745,-35,-5,4,-4
13000,80,79,-6,37338,0,318,36890,32100,41072,39290,3,745,-35,-2,10,-2
13040,80,79,-6,37985,0,318,36696,33252,42320,39672,3,745,-36,0,12,0
13080,80,79,-6,36544,0,318,36849,32141,39907,37279,3,747,-36,0,13,2
13120,80,79,-6,36827,0,318,34979,31055,41495,39779,3,750,-36,1,14,3
13160,80,79,-5,36179,0,318,34655,31279,40505,38277,3,754,-36,1,14,4
13200,80,79,-5,36146,0,318,34651,30297,41023,38613,3,757,-36,1,14,5
13240,80,79,-5,36032,0,318,33612,28654,42418,39444,3,757,-36,2,15,6
13280,80,79,-5,33827,0,318,35150,28852,37394,33912,3,757,-36,3,16,6
13320,80,79,-6,35408,0,318,36868,31152,38942,34670,3,758,-36,4,17,5
13360,80,79,-6,36284,0,318,34580,30472,43288,36796,3,758,-36,5,18,7
13380,80,79,-7,35647,0,318,34515,30019,41195,36859,3,758,-36,5,17,9
13420,80,79,-7,36094,0,318,34437,29631,41609,38699,3,758,-37,5,17,9
13460,80,79,-8,36004,0,318,35735,29869,41039,37373,3,758,-37,4,15,8
13500,80,79,-9,35651,0,318,37497,30307,40699,34101,3,758,-37,4,15,8
13540,80,79,-9,36082,0,318,33839,28523,43809,38157,3,758,-37,4,14,10
13580,80,79,-9,35437,0,318,36767,28515,41845,34621,3,759,-37,4,15,10
13620,80,79,-10,35877,0,318,36061,30055,41703,35689,3,759,-36,4,14,10
13660,80,79,-10,36328,0,318,36292,29882,43024,36114,3,759,-36,4,15,10
13700,80,79,-11,35460,0,318,35790,28036,43012,35002,3,760,-36,4,14,11
13740,80,79,-11,36138,0,318,38613,29373,40919,35647,3,763,-36,3,11,10
13780,80,79,-11,36025,0,318,34136,25448,46060,38456,3,766,-37,1,8,8
13820,80,79,-11,37354,0,318,38750,31150,43490,36026,3,771,-38,0,5,6
13860,80,79,-12,36409,0,318,37525,28731,44269,35111,3,774,-38,0,4,6
13900,80,79,-11,35663,0,318,37160,27690,42816,34986,3,774,-38,-2,0,7
13940,80,79,-11,36871,0,318,38500,29646,43228,36110,3,774,-38,-4,-5,5
13980,80,79,-11,35326,0,318,36392,26918,42212,35782,3,774,-39,-6,-8,3
14020,80,79,-11,36327,0,318,36809,28639,44161,35699,3,774,-39,-8,-12,1
14060,80,79,-11,34765,0,318,35505,24995,44273,34287,3,774,-39,-10,-17,1
14100,81,79,-11,35028,0,318,37210,27836,41086,33980,3,774,-39,-13,-21,0
14140,81,79,-12,35784,0,318,39229,26435,43063,34409,3,774,-38,-14,-22,-1
14180,81,79,-12,36064,0,318,40421,27707,41689,34439,3,774,-38,-15,-22,-3
14200,81,79,-12,36353,0,318,37157,27625,44617,36013,3,774,-35,-17,-25,-5
14240,81,79,-13,36774,0,318,37411,27551,45957,36177,3,774,-36,-18,-26,-4
14280,81,79,-12,36767,0,318,37054,26920,45758,37336,3,774,-36,-19,-28,-3
14320,81,79,-12,35036,0,318,37167,25743,42331,34903,3,775,-36,-20,-29,-4
14360,81,79,-12,36862,0,318,39366,29394,42452,36236,3,775,-35,-20,-27,-6
14400,81,79,-12,36882,0,318,37006,27854,44340,38328,3,775,-36,-20,-26,-7
14440,81,79,-12,37090,0,318,38930,29368,43118,36944,3,776,-36,-19,-22,-8
14480,81,79,-11,35778,0,318,36905,27225,41641,37341,3,778,-36,-18,-22,-9
14520,81,79,-11,36276,0,318,38684,29964,40192,36264,3,779,-36,-19,-23,-11
14560,81,79,-10,37127,0,318,38176,29912,42810,37610,3,782,-36,-19,-21,-12
14600,80,79,-10,36872,0,318,39382,31820,40588,35698,3,783,-36,-18,-21,-13
14640,80,79,-9,35488,0,317,36982,28994,40056,35920,3,783,-35,-18,-21,-15
14680,80,79,-9,36065,0,317,37980,28724,40626,36930,3,783,-34,-18,-17,-20
14720,80,79,-9,36732,0,317,39351,30863,39395,37319,3,783,-34,-17,-12,-26
14760,80,79,-9,36423,0,317,35560,26466,44310,39356,3,784,-32,-14,-7,-31
14800,80,79,-9,36611,0,317,38193,29305,41825,37121,3,784,-31,-13,-6,-35
14840,80,79,-8,35884,0,317,36046,27590,43446,36454,3,784,-31,-13,-4,-35
14880,80,79,-8,37504,0,317,37048,29904,45046,38018,3,784,-31,-12,-5,-34
14920,80,79,-8,36301,0,317,38881,28697,42329,35297,3,784,-32,-13,-6,-32
14960,80,79,-8,36258,0,317,36421,27779,44085,36747,3,784,-31,-13,-6,-32
15000,80,79,-8,35943,0,317,36918,28830,41886,36138,3,784,-32,-13,-4,-31
15020,80,79,-8,36461,0,317,35404,28978,44050,37412,3,784,-32,-12,-4,-27
15060,80,79,-8,36655,0,317,34281,29289,44939,38111,3,784,-33,-13,-6,-22
15100,80,79,-8,35940,0,317,34542,29276,43092,36850,3,784,-34,-14,-8,-16
15140,80,79,-8,36158,0,317,35471,30893,41911,36357,3,785,-35,-13,-8,-11
15180,80,79,-8,35876,0,317,37155,31237,39525,35587,3,785,-36,-13,-6,-7
15220,80,79,-8,35937,0,317,35396,31566,40302,36484,3,785,-37,-14,-7,-5
15260,80,79,-8,36109,0,317,34396,29962,42218,37860,3,785,-37,-13,-5,-3
15300,80,79,-8,37398,0,317,35562,31240,43664,39126,3,785,-37,-13,-7,-1
15340,80,79,-8,37201,0,317,38062,31404,42668,36670,3,785,-38,-14,-6,1
15380,80,79,-8,37473,0,317,36362,30354,44872,38304,3,785,-38,-14,-5,3
15420,80,79,-8,37888,0,317,37545,30673,45365,37969,3,785,-38,-14,-6,5
15460,80,79,-7,37154,0,317,34695,29295,47319,37307,3,785,-38,-14,-8,9
15500,80,79,-7,38921,0,317,39134,31872,47882,36796,3,785,-39,-14,-8,14
15540,80,79,-7,35782,0,317,36096,27730,44820,34482,3,785,-39,-14,-7,17
15580,80,79,-6,36623,0,317,36521,29375,44857,35739,3,785,-40,-13,-7,19
15620,80,79,-6,37443,0,317,37301,31101,44929,36441,3,785,-41,-13,-8,20
15660,80,79,-6,37455,0,317,38085,29597,45975,36163,3,785,-41,-13,-10,21
15700,80,79,-6,38523,0,317,38024,30056,47452,38560,3,785,-41,-13,-10,20
15740,80,79,-5,36666,0,316,34396,26264,48774,37230,3,785,-42,-13,-10,20
15780,80,79,-5,37501,0,316,39137,30399,45415,35053,3,785,-41,-13,-11,21
15820,79,79,-5,38518,0,316,39156,30522,47018,37376,3,785,-42,-13,-11,21
15860,79,79,-4,37322,0,317,39343,28295,46197,35453,3,785,-42,-13,-11,20
15880,79,79,-3,37120,0,317,37798,27918,45984,36780,3,785,-41,-12,-10,19
15920,79,79,-4,37805,0,316,39154,28526,47198,36342,3,785,-41,-13,-11,18
15960,79,79,-3,36548,0,316,36501,27847,47103,34741,3,785,-41,-13,-11,18
16000,79,79,-3,38418,97,316,38103,30999,47205,37365,3,785,-41,-13,-11,20
16040,79,79,-3,37131,97,316,40902,29838,44766,33018,3,785,-42,-13,-11,21
16080,79,79,-2,37159,97,316,38719,28613,44875,36429,3,785,-41,-12,-9,19
16120,79,79,-2,36453,97,316,34927,26371,47657,36857,3,785,-41,-12,-10,18
16160,79,79,-1,35827,97,316,36492,25670,46112,35034,3,785,-41,-12,-9,17
16200,79,79,-1,36539,97,316,36119,26807,47125,36105,3,786,-41,-12,-8,16
16240,79,79,-1,37684,97,316,37845,27971,48507,36413,3,786,-41,-11,-6,17
16280,79,79,-2,36066,97,316,37992,26368,45494,34410,3,786,-40,-11,-5,16
16320,79,79,-2,35303,97,316,37819,26607,43315,33471,3,786,-40,-10,-2,13
16360,79,79,-1,35223,97,316,38217,26341,43361,32973,3,786,-41,-9,2,11
16400,80,79,-1,34578,97,316,35069,24933,43707,34603,3,786,-41,-7,7,9
16440,80,79,-2,35131,97,316,35772,25716,43992,35044,3,786,-40,-6,9,7
16480,80,79,-3,35011,97,316,35956,26436,42982,34670,3,786,-39,-6,10,5
16520,80,79,-3,34476,97,316,39632,28128,39548,30596,3,787,-39,-6,10,4
16560,80,79,-4,34804,97,316,33155,25703,45389,34969,3,787,-39,-5,13,2
16600,80,79,-4,34712,97,316,34810,25616,42806,35616,3,787,-39,-4,13,0
16640,80,79,-5,34126,97,316,36957,26455,40805,32287,3,787,-39,-5,12,0
16680,80,79,-6,35356,97,316,37317,27155,42879,34073,3,787,-39,-5,13,-1
16700,81,79,-7,36243,97,316,38243,27947,44417,34365,3,788,-38,-5,13,-1
16740,81,79,-7,35268,97,316,34342,25548,44578,36604,3,788,-38,-6,10,-1
16780,81,79,-8,36491,0,316,40913,30713,42351,31987,3,788,-38,-6,11,-1
16820,81,79,-8,33812,0,316,32977,22599,44731,34941,3,788,-38,-6,9,-1
16860,81,79,-7,36491,0,316,39039,28995,43245,34685,3,788,-38,-7,4,-1
16900,81,79,-8,36812,0,316,37990,28038,46416,34804,3,788,-39,-11,0,-1
16940,81,79,-8,34747,0,316,35213,25487,44087,34201,3,789,-39,-13,-6,0
16980,81,79,-8,35281,0,316,35073,27097,43593,35361,3,789,-39,-16,-11,0
17020,81,79,-8,36086,0,316,38327,28367,43121,34529,3,789,-39,-17,-13,0
17060,81,79,-8,37721,0,316,36890,28860,46576,38558,3,789,-39,-19,-16,0
17100,80,79,-8,35525,0,316,35917,25591,45657,34935,3,789,-38,-21,-20,0
17140,80,79,-8,37140,0,316,38214,28364,46030,35952,3,789,-38,-22,-24,0
17180,80,79,-8,37352,0,316,39830,27944,46582,35052,3,789,-37,-23,-26,0
17220,80,79,-7,37441,0,316,37288,28722,46816,36938,3,789,-39,-24,-28,0
17260,80,79,-7,37714,0,316,40637,28611,46055,35553,3,789,-39,-25,-30,0
17300,80,79,-6,36722,0,316,37484,26536,46442,36426,3,789,-40,-26,-31,-1
17340,80,79,-6,38384,0,316,40202,29486,47018,36830,3,789,-40,-26,-33,-1
17380,80,79,-5,37527,94,316,41643,28743,43675,36047,3,789,-40,-26,-33,-2
17420,80,79,-4,36439,94,316,36773,26435,45367,37181,3,789,-39,-26,-34,-4
17460,80,79,-3,38014,92,316,42414,29826,45272,34544,3,789,-39,-27,-34,-4
17500,79,79,-4,37661,92,316,41112,28282,45128,36122,3,790,-37,-25,-31,-4
17520,79,79,-3,38836,93,316,41383,30199,45421,38341,3,790,-37,-25,-30,-6
17560,79,79,-2,36192,93,316,38257,26851,43215,36445,3,790,-37,-25,-29,-8
17600,79,79,-2,39042,93,315,40003,32071,43881,40213,3,790,-37,-24,-29,-9
17640,79,79,-1,37348,93,315,41473,31043,41123,35753,3,791,-37,-23,-27,-10
17680,79,79,0,37423,93,315,38651,32191,40381,38469,3,791,-37,-22,-26,-10
17720,79,79,0,37083,93,315,37514,30902,40828,39088,3,792,-37,-22,-26,-11
17760,79,79,0,35622,93,315,36777,32145,36347,37219,3,792,-37,-21,-25,-11
17800,79,79,0,37346,93,315,35684,33332,39478,40890,3,792,-35,-21,-21,-12
17840,79,79,0,35427,93,315,36282,33186,34826,37414,3,792,-36,-19,-19,-12
17880,79,79,0,36840,93,315,39477,37569,33619,36695,3,792,-37,-18,-21,-11
17920,79,79,0,37393,93,315,34284,33846,38900,42542,3,792,-37,-17,-16,-12
17960,79,79,0,37605,93,315,35876,34722,38168,41654,3,792,-37,-16,-15,-14
18000,79,79,1,39021,93,315,37742,35566,39950,42826,3,792,-37,-15,-14,-16
18040,79,79,1,36604,93,315,32931,32285,39053,42147,3,792,-37,-14,-12,-18
18080,79,79,2,36641,93,315,35468,33348,37786,39962,3,792,-37,-12,-5,-19
18120,79,79,2,37864,93,315,34213,32981,40871,43391,3,792,-36,-10,0,-20
18160,79,79,3,36711,93,315,36242,33640,38406,38556,3,792,-36,-8,3,-19
18200,79,79,3,36226,93,315,31778,32994,39264,40868,3,792,-36,-7,3,-17
18240,79,79,3,37497,93,315,38723,38565,34565,38135,3,792,-37,-6,7,-16
18280,79,79,3,36253,94,315,30686,33746,37670,42910,3,792,-36,-4,9,-15
18320,79,79,3,36844,94,315,30080,32516,40086,44694,3,792,-36,-3,12,-14
18360,79,79,3,35804,94,315,32892,34730,35020,40574,3,792,-36,-3,12,-13
18380,79,79,3,36630,94,315,32911,36137,35661,41811,3,792,-36,-3,12,-13
18420,79,79,3,36003,94,315,29871,34477,36699,42965,3,792,-36,-2,12,-11
18460,79,79,3,36280,94,315,31742,36026,35684,41668,3,792,-36,-2,13,-9
18500,79,79,3,38065,0,314,31392,37254,38432,45182,3,792,-36,-1,13,-7
18540,79,79,3,39174,0,314,31973,37251,41271,46201,3,792,-36,-1,12,-6
18580,79,79,3,37919,0,314,29363,35323,40769,46221,3,792,-36,-1,9,-4
18620,78,79,4,37455,0,314,33029,35501,38819,42471,3,792,-37,-1,7,-3
18660,78,79,4,37249,0,314,33880,35246,38970,40900,3,792,-36,-1,9,-2
18700,78,79,4,36832,0,314,33847,34817,38731,39933,3,792,-36,-1,9,-1
18740,78,79,4,37310,0,314,33796,34616,40698,40130,3,792,-36,-1,8,0
18780,78,79,5,37102,0,314,34607,33539,40205,40057,3,792,-37,-1,8,0
18820,78,79,5,35536,0,314,36095,34551,36255,35243,3,792,-37,0,10,0
18860,78,79,5,37325,0,314,35195,34783,39825,39497,3,792,-37,0,11,0
18900,78,79,5,37536,0,314,32977,31429,44285,41453,3,792,-37,-1,11,1
18940,78,79,5,36608,0,314,36529,32725,39695,37483,3,792,-37,-1,8,1
18980,78,79,5,36467,0,314,35943,32899,39225,37801,3,792,-36,-2,8,0
19020,78,79,5,37088,0,314,34537,32969,41019,39827,3,792,-36,-2,8,0
19060,78,79,5,36197,0,314,33038,30848,42522,38380,3,793,-35,-3,6,0
19100,78,79,5,36535,0,314,34512,31896,41532,38200,3,793,-35,-5,3,1
19140,78,79,5,35712,0,314,31488,30090,41284,39986,3,793,-35,-6,-3,1
19180,78,79,5,37857,0,314,34105,32479,43095,41749,3,793,-35,-9,-9,1
19200,78,79,5,35052,0,314,30835,30541,39093,39739,3,793,-35,-12,-17,0
19240,78,79,4,37241,0,314,33017,31859,42615,41473,3,793,-34,-15,-22,-1
19280,78,79,4,35072,0,314,31752,31136,39678,37722,3,793,-33,-16,-26,-1
19320,78,79,4,35838,0,314,33142,31718,40662,37830,3,793,-34,-17,-28,0
19360,79,79,3,37291,0,314,37254,32980,41244,37686,3,794,-34,-19,-29,0
19400,79,79,3,36308,0,314,36099,30487,40731,37915,3,798,-33,-20,-31,0
19440,79,79,3,35805,0,314,32725,29311,41875,39309,3,798,-34,-21,-33,-1
19480,79,79,2,36530,0,314,34541,31813,40619,39147,3,798,-33,-22,-34,-2
19520,79,79,2,37486,0,314,37856,33090,39970,39028,3,798,-32,-22,-30,-3
19560,79,79,2,36918,0,314,35209,30865,40211,41387,3,798,-32,-23,-31,-5
19600,79,79,2,35908,0,314,34620,31088,39176,38748,3,798,-32,-23,-33,-7
19640,79,79,1,34304,0,314,33631,30279,36443,36863,3,798,-31,-25,-34,-8
19680,79,79,1,36771,0,314,33526,31882,40352,41324,3,801,-31,-25,-34,-8
19720,79,79,0,37052,0,314,36076,32876,39840,39416,3,803,-31,-26,-34,-8
19760,79,79,0,36360,0,314,34328,30762,41638,38712,3,803,-31,-27,-35,-7
19800,79,79,0,37370,0,314,34207,31947,42033,41293,3,803,-31,-28,-37,-5
19840,79,79,0,37007,0,314,34300,32750,40082,40896,3,803,-31,-28,-36,-5
19880,79,79,0,36136,0,314,33030,31758,38858,40898,3,803,-31,-28,-34,-6
19920,79,79,0,33896,0,314,29959,29825,35947,39853,3,803,-30,-29,-37,-7
19960,79,79,0,34626,0,314,30350,32334,36440,39380,3,804,-30,-29,-33,-8
20000,79,79,-1,35871,0,314,30729,31591,39185,41979,3,805,-30,-28,-27,-8
20020,79,79,-1,35022,0,314,29445,30367,39029,41247,3,805,-30,-28,-30,-7
20060,79,79,-2,35854,0,314,30575,33249,38561,41031,3,805,-33,-29,-33,-6
20100,79,79,-3,37373,0,314,32886,36248,38192,42166,3,805,-33,-29,-33,-4
20140,79,79,-3,36695,0,314,34566,35578,36208,40428,3,805,-33,-29,-33,-4
20180,79,79,-3,36687,0,314,31288,35318,37418,42724,3,806,-33,-29,-33,-4
20220,79,79,-3,36267,0,314,30958,33860,38150,42100,3,806,-33,-30,-33,-4
20260,79,79,-3,35759,0,314,31776,33814,37016,40430,3,806,-32,-31,-34,-3
20300,79,79,-3,38292,0,314,33773,35307,40465,43623,3,806,-31,-30,-33,-3
20340,79,79,-3,36974,0,314,32482,33978,39638,41798,3,806,-31,-30,-32,-3
20380,79,79,-3,36865,0,314,31735,35521,39333,40871,3,806,-31,-30,-33,-1
20420,79,79,-3,36820,0,314,31513,35233,39767,40767,3,806,-29,-30,-35,2
20460,79,79,-3,36581,0,314,30943,33819,40223,41339,3,806,-29,-30,-34,5
20500,79,79,-4,37106,0,314,32898,34068,39764,41694,3,806,-29,-29,-32,7
20540,79,79,-4,36446,0,314,31165,32953,39791,41875,3,806,-29,-29,-32,7
20580,79,79,-4,36890,0,314,33189,34561,38775,41035,3,806,-28,-29,-33,7
20620,79,79,-4,38652,0,314,36309,38107,39477,40715,3,806,-28,-29,-34,11
20660,79,79,-4,37882,0,314,32868,35582,41654,41424,3,806,-28,-28,-32,17
20700,79,79,-3,37974,0,314,31320,33832,44422,42322,3,806,-30,-27,-31,24
20740,79,79,-3,37578,0,313,35017,35867,40601,38827,3,807,-30,-25,-28,30
20780,79,79,-2,37496,0,313,31123,33089,43153,42619,3,807,-32,-24,-24,33
20820,79,79,-2,37233,0,314,33714,34122,40808,40288,3,807,-33,-23,-23,35
20860,79,79,-2,37296,0,314,34254,34552,41028,39350,3,808,-33,-23,-23,35
20880,79,79,-2,37333,0,314,33690,33118,43184,39340,3,808,-33,-22,-20,35
20920,79,79,-2,37104,0,314,32714,32338,43306,40058,3,808,-32,-21,-22,33
20960,79,79,-1,36075,0,314,34382,31300,40464,38154,3,808,-32,-21,-24,28
21000,79,79,-1,38802,0,314,38142,35138,40772,41156,3,808,-32,-21,-26,20
21040,79,79,-1,37588,0,314,34140,32630,42196,41386,3,808,-31,-21,-28,12
21080,79,79,-1,38073,0,314,35658,32490,44326,39818,3,808,-28,-22,-33,8
21120,78,79,-1,36942,0,313,32970,30810,44116,39872,3,808,-28,-23,-34,6
21160,79,79,-1,36330,0,313,35710,31404,40934,37272,3,810,-28,-22,-35,5
21200,79,79,0,37635,0,314,35270,33020,42890,39360,3,810,-28,-22,-35,3
21240,79,79,0,35889,0,314,35852,32036,40156,35512,3,811,-28,-21,-33,3
21280,79,79,0,33689,0,314,30592,28540,38802,36822,3,811,-27,-19,-31,2
21320,79,79,0,35258,0,314,34928,31672,37438,36994,3,811,-28,-19,-31,0
21360,79,79,-1,35752,0,314,34463,32681,38625,37239,3,811,-27,-17,-27,-1
21400,79,79,-3,36238,0,314,33189,31519,41563,38681,3,811,-28,-15,-25,-1
21440,79,79,-3,35957,0,314,35129,30667,41033,36999,3,811,-28,-15,-25,0
21480,79,79,-4,35723,0,314,34857,29813,41977,36245,3,811,-28,-13,-26,0
21520,80,79,-5,34140,0,314,32793,27271,40897,35599,3,811,-28,-12,-21,0
21560,80,79,-5,34830,0,314,37634,29532,36758,35396,3,811,-28,-7,-10,-1
21600,80,79,-6,35769,0,314,37243,30279,39083,36471,3,811,-28,-1,4,-4
21640,80,79,-7,35392,0,314,36309,29545,38707,37007,3,811,-29,3,16,-7
21680,80,79,-8,36471,0,314,36770,30010,41512,37592,3,811,-29,6,23,-9
21700,80,79,-9,36224,0,314,36755,30383,40935,36823,3,811,-30,9,29,-9
21740,80,79,-10,33692,0,314,39359,27571,36555,31283,3,811,-31,13,35,-8
21780,80,79,-10,36043,0,314,40296,30290,38592,34994,3,811,-31,16,40,-9
21820,80,79,-10,35282,0,314,35172,26192,41792,37972,3,811,-31,18,41,-11
21860,80,79,-11,35600,0,314,39097,30365,38191,34747,3,811,-31,17,37,-11
21900,80,79,-12,36321,0,314,38823,29169,40851,36441,3,811,-31,18,39,-11
21940,81,79,-12,33900,0,314,34705,26965,38151,35779,3,811,-31,20,39,-11
21980,81,79,-13,37768,0,314,38849,32051,40605,39567,3,811,-31,20,40,-12
22020,81,79,-13,36184,0,314,37518,28562,39506,39150,3,811,-31,20,36,-13
22060,81,79,-13,36256,0,314,40718,31544,37326,35436,3,811,-31,19,35,-15
22100,81,79,-13,36110,0,314,38663,30617,38959,36201,3,811,-31,19,37,-15
22140,81,79,-13,36329,0,314,38799,30205,40251,36061,3,811,-32,20,37,-14
22180,81,79,-13,36685,0,314,30989,26687,47015,42049,3,811,-32,19,32,-12
22220,81,79,-14,36763,0,314,37630,29552,41848,38022,3,811,-31,17,29,-10
22260,81,79,-14,37486,0,314,35897,28531,44685,40831,3,812,-29,16,30,-10
22300,80,79,-14,37933,0,314,36384,27860,45902,41586,3,812,-29,17,31,-11
22340,80,79,-13,37125,0,314,38490,28826,43782,37402,3,812,-29,16,29,-11
22380,80,79,-12,36077,0,314,38181,28901,42845,34381,3,812,-30,14,23,-9
22420,80,79,-12,36705,0,314,36058,27824,45460,37478,3,812,-30,11,19,-7
22460,80,79,-12,35980,0,314,36198,27910,43428,36384,3,812,-30,10,18,-5
22500,80,79,-12,36377,0,314,36391,27455,45071,36591,3,812,-31,9,16,-4
22520,80,79,-11,35903,0,314,36662,27488,43306,36156,3,812,-30,7,12,-3
22560,80,79,-11,35589,0,314,38742,27764,41630,34220,3,812,-30,5,11,-3
22600,80,79,-11,36217,0,314,37123,28305,43469,35971,3,812,-29,5,9,-4
22640,81,79,-11,36717,0,314,33874,26546,48706,37742,3,812,-30,3,7,-3
22680,81,79,-11,36830,0,314,38134,28214,46270,34702,3,812,-30,0,1,0
22720,80,79,-11,37093,0,314,41619,29639,43085,34029,3,812,-30,-1,0,0
22760,80,79,-11,37782,0,314,36884,27306,47634,39304,3,812,-29,-2,-2,-1
22800,80,79,-10,36954,0,314,39240,27276,46394,34906,3,812,-29,-5,-6,-2
22840,80,79,-10,36368,0,314,38066,28216,45136,34054,3,812,-29,-7,-10,0
22880,80,79,-10,35700,0,314,39708,29202,42190,31700,3,812,-29,-7,-8,0
22920,80,79,-9,35624,0,314,37518,26710,44364,33904,3,812,-30,-6,-6,0
22960,80,79,-9,35402,0,314,38254,26472,43544,33338,3,812,-31,-7,-7,0
23000,80,79,-9,36545,0,314,38707,27679,45407,34387,3,813,-31,-7,-7,0
23040,80,79,-10,35876,0,314,38005,26085,45391,34023,3,813,-31,-8,-6,-1
23080,80,79,-10,37739,0,314,40072,29184,46116,35584,3,813,-31,-9,-8,-1
23120,80,79,-10,34580,0,314,36997,25687,42793,32843,3,813,-30,-11,-10,-1
23160,81,79,-10,36328,0,314,38900,28630,42934,34848,3,813,-30,-11,-10,-2
23200,81,79,-10,36787,0,313,40084,27490,45000,34574,3,813,-30,-12,-10,-2
23240,81,79,-10,35636,0,313,36974,26666,44512,34392,3,813,-29,-13,-11,-3
23280,81,79,-10,35943,0,313,37062,27576,45046,34088,3,813,-28,-14,-13,-2
23320,81,79,-10,37529,0,313,40262,28736,46596,34522,3,813,-27,-16,-15,-1
23360,81,79,-11,37130,0,313,39382,27676,46204,35258,3,813,-28,-16,-16,0
23380,81,79,-10,36569,0,313,39941,27951,44889,33495,3,815,-28,-18,-20,0
23420,80,79,-10,36344,0,313,41209,28769,44095,31303,3,815,-28,-19,-22,0
23460,80,79,-10,37209,0,313,38543,29121,46555,34617,3,815,-27,-20,-21,0
23500,80,79,-10,35585,0,313,40454,28148,42962,30776,3,816,-27,-20,-23,1
23540,80,79,-10,36160,0,313,38634,27578,43878,34550,3,816,-29,-21,-25,1
23580,81,79,-10,35113,0,313,38171,26419,42817,33045,3,816,-29,-22,-26,0
23620,81,79,-10,35284,0,313,37846,27840,42122,33328,3,816,-28,-22,-23,-1
23660,81,79,-10,35248,0,313,38790,27632,42136,32434,3,817,-27,-22,-21,-2
23700,81,79,-10,36815,0,313,38164,26452,46808,35836,3,817,-27,-21,-21,-2
23740,81,79,-11,33650,0,313,39836,25376,40202,29186,3,817,-26,-22,-22,-3
23780,81,79,-11,37334,0,313,36004,26984,48982,37366,3,817,-26,-22,-23,-3
23820,81,79,-11,36341,0,314,44306,28778,42338,29942,3,817,-27,-23,-24,-2
23860,81,79,-11,36681,0,314,40941,26793,45093,33897,3,817,-27,-23,-21,-2
23900,81,79,-11,35690,0,314,39350,26058,42982,34370,3,817,-26,-23,-22,-4
23940,81,79,-11,37270,0,314,40166,29794,43798,35322,3,817,-26,-23,-24,-5
23980,81,79,-11,36133,0,314,39557,28555,42469,33951,3,817,-26,-23,-24,-5
24020,81,79,-10,37936,0,314,41220,30898,43256,36370,3,817,-26,-24,-25,-6
24060,81,79,-10,36086,0,314,38617,28887,41159,35681,3,817,-26,-24,-26,-7
24100,81,79,-9,37380,0,314,38836,29592,43134,37958,3,817,-26,-24,-25,-8
24140,80,79,-9,36794,0,314,39475,28699,42931,36071,3,818,-26,-24,-22,-9
24180,80,79,-8,36387,0,314,36545,28963,41971,38069,3,818,-25,-24,-23,-9
24200,80,79,-7,35653,0,314,37516,28420,41444,35232,3,818,-25,-24,-23,-10
24240,80,79,-7,34957,0,314,36527,28603,39933,34765,3,818,-25,-24,-23,-9
24280,80,79,-7,34945,0,314,36284,29436,39066,34994,3,818,-25,-23,-20,-9
24320,81,79,-7,35621,0,314,38806,29488,39416,34774,3,818,-25,-23,-19,-8
24360,81,79,-8,35777,0,314,34406,26728,42934,39040,3,818,-25,-21,-16,-8
24400,81,79,-8,38449,0,314,41809,34245,41325,36417,3,818,-25,-19,-9,-5
24440,80,79,-8,36200,0,314,35985,30463,41503,36849,3,818,-27,-16,0,0
24480,80,79,-7,35388,0,314,35837,29135,40085,36495,3,818,-29,-14,6,2
24520,80,79,-7,35439,0,314,35777,29371,39491,37117,3,818,-29,-12,10,3
24560,80,79,-7,36024,0,314,38227,29991,39667,36211,3,819,-28,-10,13,3
24600,81,79,-7,36349,0,314,39449,32097,38505,35345,3,820,-28,-9,15,3
24640,80,79,-7,36228,0,314,36563,30469,41181,36699,3,820,-28,-8,16,4
24680,80,79,-7,35760,0,314,38516,29420,38966,36138,3,820,-28,-8,17,5
24720,80,79,-7,36221,0,314,37282,30890,38422,38290,3,820,-30,-8,15,4
24760,80,79,-7,36741,0,314,36390,30070,41406,39098,3,820,-29,-8,16,3
24800,80,79,-7,36715,0,314,37114,31168,40324,38254,3,820,-30,-8,16,3
24840,80,79,-7,36431,0,314,36414,30802,39554,38954,3,821,-30,-9,14,4
24880,80,79,-7,36961,0,314,36847,31561,39313,40123,3,821,-29,-10,13,4
24920,80,79,-7,36690,0,314,36059,30661,39289,40751,3,821,-29,-10,12,4
24960,80,79,-7,37356,0,314,39016,33832,37824,38752,3,821,-29,-11,9,5
25000,80,79,-7,38217,0,314,36590,31932,41532,42814,3,821,-29,-12,7,7
25020,80,79,-7,37074,0,314,36470,30980,40386,40460,3,821,-29,-14,0,11
25060,80,79,-6,35692,0,314,37747,30761,37771,36489,3,821,-29,-17,-6,14
25100,80,79,-6,37321,0,314,37287,31699,41097,39201,3,821,-32,-18,-8,17
25140,80,79,-6,34677,0,314,36443,27259,38261,36745,3,821,-32,-18,-9,19
25180,80,79,-6,36997,0,314,38315,30911,40737,38025,3,821,-32,-19,-12,19
25220,80,79,-6,35673,0,314,38815,29307,38739,35831,3,821,-31,-20,-14,19
25260,80,79,-6,36113,0,314,40445,30297,38765,34945,3,821,-31,-21,-17,20
25300,80,79,-6,35731,0,314,39007,28765,39421,35731,3,821,-31,-22,-20,21
25340,80,79,-6,36024,0,314,38610,29054,40150,36282,3,822,-31,-24,-21,21
25380,80,79,-6,35819,0,314,37985,28831,40201,36259,3,822,-31,-24,-22,21
25420,80,79,-6,36729,0,314,39038,28894,41486,37498,3,822,-30,-25,-23,21
25460,80,79,-7,36539,0,314,39479,30717,39985,35975,3,822,-30,-26,-24,19
25500,80,79,-7,36017,0,314,37920,28630,40242,37276,3,823,-30,-26,-24,17
25540,80,79,-7,35832,0,314,38734,28860,39256,36478,3,823,-30,-27,-25,14
25580,80,79,-7,36151,0,314,35645,27289,42631,39039,3,824,-30,-27,-24,10
25620,80,79,-7,37553,0,314,39594,30246,41204,39168,3,826,-29,-27,-25,6
25660,80,79,-7,36433,0,314,38852,28084,41438,37358,3,827,-29,-26,-24,3
25700,80,79,-7,36477,0,314,39005,29771,40911,36221,3,828,-30,-27,-26,1
25740,80,79,-7,37314,0,314,38705,29605,42903,38043,3,828,-30,-27,-28,1
25780,80,79,-6,37242,0,314,38977,29057,42481,38453,3,828,-30,-28,-27,0
25820,80,79,-6,34931,0,314,38885,27579,38851,34409,3,828,-30,-27,-26,-1
25860,80,79,-6,35877,0,314,39398,29200,39496,35414,3,828,-31,-26,-24,-3
25880,80,79,-6,36942,0,314,39764,29486,41844,36674,3,828,-30,-26,-24,-3
25920,80,79,-6,35810,120,314,40684,27940,40212,34404,3,831,-30,-26,-24,-5
25960,80,79,-6,35233,120,314,39638,28444,38826,34024,3,831,-30,-26,-24,-6
26000,80,79,-6,35762,120,314,42187,29569,37989,33303,3,831,-30,-26,-23,-7
26040,80,79,-6,35640,120,314,39282,28756,40194,34328,3,831,-29,-25,-21,-8
26080,80,79,-7,35060,120,314,38252,27562,40472,33954,3,831,-30,-25,-22,-7
26120,80,79,-7,36452,120,314,40854,28572,41118,35264,3,831,-30,-24,-20,-6
26160,80,79,-7,34849,120,314,38609,26043,39521,35223,3,831,-30,-24,-20,-6
26200,80,79,-7,35662,120,314,40337,28581,39719,34011,3,831,-30,-24,-20,-5
26240,80,79,-8,35924,120,314,37697,26305,43721,35973,3,831,-30,-23,-20,0
26280,80,79,-9,35507,120,314,41545,28543,39523,32417,3,831,-31,-22,-20,6
26320,80,79,-9,36268,119,314,39961,28715,41865,34531,3,831,-31,-22,-17,13
26360,80,79,-9,35954,119,314,41150,29338,40188,33140,3,831,-33,-20,-14,19
26400,80,79,-9,35849,119,314,38805,27301,41277,36013,3,831,-35,-18,-13,22
26440,80,79,-9,34889,119,314,38117,26029,40455,34955,3,832,-36,-18,-14,24
26480,81,79,-10,34551,119,314,38583,27681,38641,33299,3,832,-36,-18,-13,25
26520,81,79,-10,36214,119,314,39913,28901,40351,35691,3,832,-36,-17,-11,27
26560,81,79,-11,35675,119,314,39005,27705,39819,36171,3,833,-38,-16,-11,27
26600,81,79,-11,36672,119,314,42642,31312,38494,34240,3,833,-37,-16,-11,26
26640,81,79,-11,36909,119,314,38737,28871,42639,37389,3,833,-36,-15,-11,27
26680,81,79,-11,36584,116,314,41688,29798,39142,35708,3,833,-37,-15,-15,28
26700,81,79,-11,36344,116,314,39475,28157,40573,37171,3,833,-37,-15,-15,27
26740,81,79,-11,36666,116,314,42275,29947,38903,35539,3,833,-36,-15,-12,26
26780,80,79,-10,37175,116,314,42007,30533,39835,36325,3,833,-36,-13,-8,24
26820,80,79,-10,37730,113,314,41546,30356,41098,37920,3,835,-37,-11,-7,23
26860,80,79,-10,36886,113,314,39004,29650,40762,38128,3,837,-37,-11,-7,23
26900,80,79,-9,36545,113,314,39381,28893,40795,37111,3,837,-37,-10,-5,24
26940,80,79,-9,36695,113,314,41353,29563,39859,36005,3,837,-37,-8,-3,23
26980,80,79,-9,36976,113,314,39950,29058,40748,38148,3,837,-38,-7,-1,23
27020,80,79,-8,36295,113,314,40103,28697,39487,36893,3,837,-38,-6,0,22
27060,80,79,-8,36508,113,314,37030,28020,40924,40058,3,837,-38,-6,-1,22
27100,80,79,-8,36343,113,314,38014,28874,39654,38830,3,837,-39,-5,-1,22
27140,80,79,-8,36266,113,314,38349,29601,38357,38757,3,837,-40,-5,0,22
27180,80,79,-8,36636,113,314,35098,27826,41916,41704,3,837,-38,-4,0,21
27220,80,79,-7,35909,113,314,32942,26718,42180,41796,3,837,-37,-4,-2,20
27260,80,79,-7,37998,113,314,38480,31386,40726,41400,3,837,-38,-5,-3,20
27300,80,79,-7,36083,113,314,37883,29451,37567,39431,3,837,-38,-5,-4,19
27340,80,79,-6,36247,113,314,39976,30390,37180,37442,3,837,-39,-5,-5,17
27380,80,79,-6,37993,113,314,40687,32751,38881,39653,3,837,-39,-4,-3,15
27420,80,79,-6,36146,113,314,34624,27166,42368,40426,3,837,-38,-4,-5,15
27460,80,79,-5,38754,113,314,40478,31722,42202,40614,3,837,-37,-5,-9,15
27500,80,79,-5,35769,113,314,39171,29325,37391,37189,3,838,-37,-5,-8,14
27520,80,79,-4,37452,113,314,38914,31296,39386,40212,3,838,-37,-4,-6,12
27560,80,79,-4,38414,113,314,38127,32381,41017,42131,3,839,-36,-4,-6,10
27600,80,79,-3,36975,113,314,36069,29113,40941,41777,3,839,-37,-4,-7,8
27640,79,79,-3,37070,113,314,35100,30708,39562,42910,3,839,-37,-4,-9,6
27680,79,79,-2,38120,113,314,41573,35921,36083,38903,3,839,-37,-4,-6,3
27720,79,79,-1,36128,113,314,35064,30702,36498,42248,3,839,-36,-3,-4,1
27760,79,79,-1,37502,113,314,38951,35481,35087,40489,3,839,-35,-3,-5,-1
27800,79,79,-1,37677,113,314,37797,35415,35347,42149,3,839,-35,-2,-7,-2
27840,79,79,0,37096,113,314,34239,33557,36073,44515,3,839,-35,-2,-6,-5
27880,79,79,0,38445,113,313,36499,35019,37837,44425,3,839,-35,-1,-6,-8
27920,79,79,0,37325,107,313,35008,34116,36444,43732,3,840,-35,-1,-7,-10
27960,79,79,0,37911,107,313,37676,35800,36018,42150,3,843,-35,-1,-8,-11
28000,79,79,0,38789,107,313,37985,36225,37295,43651,3,844,-35,-1,-6,-12
28040,79,79,0,37689,107,313,36725,33969,37199,42863,3,844,-33,0,-2,-14
28080,79,79,1,34518,107,313,35613,32131,31421,38907,3,844,-32,0,-2,-16
28120,79,79,2,36134,107,313,34610,33368,34922,41636,3,844,-32,0,-1,-17
28160,79,79,2,37219,107,313,35158,34150,36914,42654,3,844,-33,1,1,-18
28200,79,79,2,35433,107,313,33226,31406,35542,41558,3,844,-33,2,3,-17
28240,79,79,1,36618,107,313,35274,32932,35970,42296,3,844,-33,3,6,-18
28280,79,79,1,36127,107,313,31716,30962,37700,44130,3,844,-32,3,9,-18
28320,79,79,1,37371,107,313,36461,34925,35827,42271,3,844,-33,3,10,-18
28360,79,79,1,35838,107,313,32959,30777,36693,42923,3,844,-33,4,13,-17
28380,79,79,1,35754,107,313,34373,32087,34925,41631,3,844,-33,4,12,-18
28420,79,79,0,37132,107,313,37306,34574,36514,40134,3,845,-31,5,14,-18
28460,79,79,0,36571,107,313,32704,31514,38824,43242,3,845,-31,5,16,-17
28500,79,79,0,35402,107,313,35403,32605,33641,39959,3,846,-31,5,15,-16
28540,79,79,0,37963,107,313,37108,34726,37226,42792,3,847,-31,5,15,-17
28580,79,79,0,34653,107,313,32220,30306,35342,40744,3,847,-31,5,13,-17
28620,79,79,0,35137,107,313,33501,31929,35551,39567,3,848,-31,5,14,-16
28660,79,79,-1,35899,107,313,33413,32025,36883,41275,3,849,-31,5,15,-14
28700,79,79,-2,35849,107,313,34551,32595,35403,40847,3,849,-31,5,16,-14
28740,80,79,-2,35726,107,313,32595,31603,36971,41735,3,850,-31,5,15,-13
28780,80,79,-3,38123,107,313,35501,34565,39051,43375,3,850,-32,5,15,-10
28820,80,79,-4,35589,107,313,32832,31628,35402,42494,3,851,-32,4,13,-7
28860,80,79,-4,36147,107,313,32711,32263,36309,43305,3,852,-34,3,10,-4
28900,80,79,-4,36317,107,313,35819,34697,35305,39447,3,852,-34,2,9,0
28940,80,79,-4,35627,107,313,33812,33094,36000,39602,3,852,-35,2,9,4
28980,80,79,-4,37430,107,313,33945,33457,39111,43207,3,852,-35,1,8,8
29020,80,79,-5,35591,107,313,35521,32573,34857,39413,3,852,-35,0,3,11
29060,80,79,-5,37863,107,313,37115,33409,39721,41207,3,852,-37,0,2,13
29100,80,79,-4,36434,107,312,34681,30581,40671,39803,3,852,-37,0,3,14
29140,80,79,-4,37309,107,312,35997,32447,40401,40391,3,852,-37,-1,0,16
29180,79,79,-5,37285,108,312,34089,32339,42095,40617,3,852,-38,-3,-5,19
29200,79,79,-5,35856,108,312,33771,30331,39459,39863,3,852,-38,-6,-11,21
29240,79,79,-4,36077,108,312,34342,31002,39252,39712,3,853,-38,-7,-14,21
29280,79,79,-5,37898,108,312,36747,33155,40347,41343,3,854,-39,-8,-16,19
29320,79,79,-4,36034,108,312,33194,30782,39682,40478,3,854,-39,-8,-18,17
29360,79,79,-4,35771,109,312,33955,30727,38963,39439,3,854,-39,-11,-23,16
29400,79,79,-4,37533,0,312,33509,31681,42875,42067,3,854,-38,-12,-24,15
29440,79,79,-4,34730,0,312,32749,28443,39067,38661,3,854,-38,-13,-25,13
29480,79,79,-4,37904,0,312,36078,32082,41692,41764,3,854,-36,-13,-26,10
29520,79,79,-4,34899,0,312,34368,29958,38288,36982,3,854,-36,-14,-28,8
29560,80,79,-4,37061,0,312,35062,31618,41988,39576,3,854,-36,-15,-28,6
29600,80,79,-4,37052,0,312,36734,30678,41808,38988,3,854,-36,-14,-28,5
29640,80,79,-4,36515,0,312,36852,29594,41050,38564,3,854,-35,-15,-30,3
29680,80,79,-4,34103,0,311,34610,28568,36984,36250,3,854,-35,-16,-31,0
29720,80,79,-4,35421,0,311,34770,30024,39128,37762,3,854,-35,-16,-29,0
29760,80,79,-4,35892,0,311,36767,32417,36907,37477,3,854,-35,-16,-26,-2
29800,80,79,-5,36326,0,311,32121,30281,40599,42303,3,854,-35,-15,-26,-3
29840,80,79,-5,35686,0,311,31822,28460,40270,42192,3,854,-34,-16,-29,-4
29880,80,79,-5,37267,0,311,37190,32496,39168,40214,3,854,-35,-17,-28,-6
29920,80,79,-5,35697,0,311,35498,31566,36944,38780,3,854,-35,-17,-27,-8
29960,80,79,-5,35730,0,311,36529,32505,36431,37455,3,854,-33,-15,-26,-9
30000,80,79,-5,38030,0,311,35414,33576,40854,42276,3,854,-33,-15,-24,-9
30020,80,79,-5,37372,0,311,36061,32349,38907,42171,3,855,-33,-15,-26,-10
30060,80,79,-5,37903,0,311,36130,33666,38744,43072,3,855,-32,-16,-27,-12
30100,80,79,-5,39382,0,311,36924,35160,40938,44506,3,855,-33,-16,-27,-14
30140,79,79,-4,36872,0,311,38221,34903,34881,39483,3,855,-33,-16,-27,-14
30180,79,79,-3,39319,0,311,38276,36906,38312,43782,3,855,-33,-16,-27,-14
30220,79,79,-2,36574,0,311,34417,34313,35771,41795,3,855,-33,-16,-27,-15
30260,79,79,-2,37696,0,311,32444,32940,39386,46014,3,855,-32,-16,-27,-15
30300,79,79,-1,36767,0,311,31756,33690,38312,43310,3,855,-32,-17,-29,-15
30340,79,79,0,34676,0,311,35837,33441,32567,36859,3,855,-32,-17,-26,-14
30380,79,79,0,38208,0,311,36018,36672,37134,43008,3,855,-32,-15,-23,-14
30420,79,79,0,34870,0,311,33348,32474,34126,39532,3,856,-33,-14,-22,-14
30460,79,79,0,35502,0,311,30694,31784,36926,42604,3,856,-32,-13,-18,-15
30500,79,79,0,35424,0,311,36118,35144,32536,37898,3,856,-32,-12,-11,-15
30540,79,79,0,35959,0,311,32711,34933,34979,41213,3,856,-32,-9,-6,-14
30580,79,79,-1,33853,0,311,30777,32221,32725,39689,3,856,-32,-8,-4,-13
30620,79,79,-1,36632,0,311,31424,34260,37162,43682,3,856,-32,-7,-2,-14
30660,80,79,-1,34054,0,311,34577,35147,29181,37311,3,856,-32,-5,1,-13
30700,80,79,-2,34806,0,311,29570,33030,34328,42296,3,856,-32,-4,1,-13
30740,80,79,-3,33806,0,311,31732,33986,30010,39496,3,856,-31,-4,0,-13
30780,80,79,-4,34069,0,311,28178,33762,32216,42120,3,856,-30,-4,0,-13
30820,80,79,-5,35349,0,311,31676,34996,33558,41166,3,856,-31,-2,0,-12
30860,80,79,-6,36133,0,311,32080,34992,33152,44308,3,856,-32,-1,2,-13
30880,80,79,-7,35954,0,311,30424,34412,34088,44892,3,856,-32,0,1,-15
30920,80,79,-8,36027,0,311,34173,38165,32241,39529,3,856,-32,-1,-1,-14
30960,80,79,-8,35473,0,311,29819,35543,34649,41881,3,856,-32,-1,-2,-11
31000,80,79,-9,35086,0,311,31645,34573,32605,41521,3,856,-32,-1,-1,-10
31040,80,79,-9,35410,0,311,33619,37293,30013,40715,3,856,-31,0,-1,-11
31080,80,79,-9,36607,0,311,32104,37902,33150,43272,3,856,-30,0,-2,-11
31120,80,79,-9,35465,0,311,28153,35255,34103,44349,3,856,-30,0,-2,-11
31160,80,79,-10,37081,0,311,29713,38089,35197,45325,3,856,-30,0,-2,-10
31200,80,79,-9,36919,0,311,31431,37189,33667,45389,3,856,-30,0,-2,-9
31240,80,79,-9,36354,0,311,31247,37339,32265,44565,3,856,-29,0,-1,-9
31280,80,79,-9,36507,0,311,30249,37647,33499,44633,3,856,-30,1,0,-7
31320,80,79,-9,36068,0,311,29604,36274,34422,43972,3,856,-29,2,3,-3
31360,80,79,-9,37739,0,311,30191,36341,37249,47175,3,856,-29,3,5,0
31400,80,79,-9,36955,0,311,31389,36517,34043,45871,3,856,-32,4,7,0
31440,80,79,-8,37190,0,311,28827,36111,36031,47791,3,856,-31,4,6,0
31480,80,79,-8,38102,0,311,31527,37953,36215,46713,3,856,-31,4,5,1
31520,80,79,-8,36981,0,311,31318,36754,33338,46514,3,856,-31,4,5,2
31560,80,79,-7,38556,0,311,32971,38359,35997,46897,3,856,-30,4,5,1
31600,80,79,-6,39433,0,311,32147,38967,37283,49335,3,856,-29,4,5,1
31640,79,79,-5,37476,0,311,29956,36464,36076,47408,3,856,-29,4,3,2
31680,79,79,-4,37584,0,311,32458,37498,34976,45404,3,856,-29,3,2,2
31700,79,79,-3,37089,0,311,30885,36027,36003,45441,3,856,-28,4,4,3
31740,79,79,-2,38830,0,311,32941,38133,37193,47053,3,856,-28,4,4,4
31780,79,79,-1,39870,0,311,34703,38211,39227,47339,3,856,-29,4,3,5
31820,79,79,0,38087,0,311,33157,35467,37281,46443,3,857,-28,3,2,4
31860,79,79,0,37827,0,311,33381,35335,37741,44851,3,857,-28,3,0,3
31900,78,79,2,37153,0,311,35501,35443,35411,42257,3,857,-28,3,1,4
31940,78,79,2,38370,0,311,35828,35354,38158,44140,3,857,-30,4,1,3
31980,78,79,3,38658,0,311,35835,34807,38791,45199,3,857,-29,4,1,2
32020,78,79,4,35879,0,311,33336,32082,35310,42788,3,857,-29,4,1,1
32060,78,79,5,38605,0,311,36245,35911,38745,43519,3,857,-29,4,1,0
32100,78,79,5,36212,0,311,37311,33763,34385,39389,3,857,-29,3,0,1
32140,78,79,5,36472,0,311,36253,31409,37049,41177,3,857,-29,3,1,0
32180,78,79,5,35914,0,311,33346,30708,37956,41646,3,858,-29,3,1,0
32220,78,79,5,38270,0,311,37413,32255,41935,41477,3,858,-29,3,2,0
32260,78,79,5,35977,0,311,33714,29002,39368,41824,3,858,-29,4,3,1
32300,78,79,5,36126,0,311,33828,29262,40364,41050,3,858,-29,3,2,1
32340,78,79,5,35772,0,311,33770,29232,39712,40374,3,858,-28,3,1,2
32380,78,79,5,36085,0,311,38179,30773,37877,37511,3,858,-28,3,3,2
32420,78,79,4,37563,0,311,38806,32534,39614,39298,3,858,-28,3,5,2
32460,78,79,4,36138,0,311,34832,30184,39328,40208,3,858,-27,3,2,3
32500,78,79,4,37636,0,311,40542,32034,39672,38296,3,858,-28,2,1,3
32520,79,79,4,35079,0,311,37991,30379,35685,36261,3,858,-29,2,4,2
32560,79,79,4,35352,0,311,30190,27612,41676,41930,3,858,-29,2,4,3
32600,79,79,3,37054,0,311,34134,31216,41440,41426,3,858,-29,2,4,4
32640,79,79,3,36380,0,311,32470,29026,41594,42430,3,859,-29,2,5,5
32680,79,79,2,36008,0,311,31242,29230,40712,42848,3,859,-29,2,4,5
32720,79,79,2,37235,0,311,36188,32370,39970,40412,3,860,-29,1,4,7
32760,79,79,2,38345,0,311,32511,31329,44181,45359,3,861,-28,1,3,9
32800,79,79,2,37760,0,311,35201,31897,42035,41907,3,861,-28,0,2,11
32840,79,79,2,36941,0,311,33391,29275,41657,43441,3,861,-28,-1,-1,12
32880,78,79,3,38361,0,311,36577,32847,40875,43145,3,861,-28,-2,-4,13
32920,78,79,3,35999,0,311,36214,30842,37390,39550,3,861,-27,-3,-3,12
32960,78,79,3,38698,0,311,36526,33382,42170,42714,3,861,-26,-3,-2,12
33000,78,79,3,37105,0,311,34393,31957,40721,41349,3,861,-26,-3,-5,13
33040,78,79,4,36739,0,311,36356,30258,40534,39808,3,861,-29,-4,-6,15
33080,78,79,4,38641,0,311,39282,32666,41302,41314,3,862,-28,-4,-5,15
33120,78,79,4,36516,0,311,37687,29841,39967,38569,3,862,-28,-4,-4,14
33160,78,79,5,36232,0,311,35455,30031,40389,39053,3,862,-29,-4,-4,14
33200,78,79,5,36415,0,311,36839,31183,39897,37741,3,862,-28,-4,-2,15
33240,78,79,5,36427,0,311,35416,29134,42186,38972,3,862,-27,-4,-1,16
33280,78,79,5,36144,117,311,35519,30003,39835,39219,3,862,-28,-5,-2,16
33320,78,79,5,36104,117,311,36580,30050,39282,38504,3,862,-27,-5,-3,16
33360,78,79,5,34530,117,311,36830,29276,36488,35526,3,862,-27,-6,-2,15
33380,78,79,4,36465,117,311,32867,30435,42163,40395,3,862,-27,-7,-5,15
33420,79,79,3,36096,117,311,35956,29476,40052,38900,3,862,-27,-9,-8,17
33460,79,79,3,35243,117,311,35485,28127,38799,38561,3,862,-27,-10,-12,16
33500,79,79,2,35666,117,311,35049,29491,39507,38617,3,862,-26,-12,-14,15
33540,79,79,1,36158,0,311,40040,31212,37448,35932,3,862,-27,-13,-17,15
33580,79,79,1,34290,0,311,35242,27920,37626,36372,3,862,-27,-14,-20,16
33620,79,79,0,36158,0,311,35112,29008,40778,39734,3,862,-27,-16,-23,16
33660,79,79,0,34812,0,311,36643,28927,37825,35853,3,862,-27,-17,-24,18
33700,79,79,-1,36600,0,311,38387,32277,39261,36475,3,862,-27,-19,-25,20
33740,79,79,-1,36659,125,311,37589,29803,39025,40219,3,863,-27,-20,-28,22
33780,79,79,-2,36889,125,311,39662,30690,39350,37854,3,866,-27,-21,-30,22
33820,79,79,-3,35053,125,311,35614,27892,39834,36872,3,873,-27,-22,-30,24
33860,79,79,-3,38521,0,311,38754,31510,43194,40626,3,875,-27,-24,-32,27
33900,79,79,-3,35502,0,311,35614,28642,40226,37526,3,877,-28,-24,-34,30
33940,79,79,-3,37029,0,311,35729,29137,41643,41607,3,884,-28,-25,-35,31
33980,79,79,-3,36593,0,311,41582,31404,36732,36654,3,894,-28,-26,-35,30
34020,79,79,-3,36310,0,311,39697,31805,36067,37671,3,899,-28,-26,-34,29
34060,79,79,-4,36572,0,311,39951,31027,37827,37483,3,900,-28,-26,-34,29
34100,79,79,-4,36921,0,311,38011,29521,39991,40161,3,900,-28,-26,-35,29
34140,79,79,-4,36615,0,311,38507,30235,38823,38895,3,900,-27,-27,-36,28
34180,79,79,-4,37249,0,311,35542,30070,41966,41418,3,901,-25,-28,-37,28
34200,79,79,-4,36871,0,311,38628,31822,39534,37500,3,901,-26,-28,-35,29
34240,79,79,-4,36813,123,311,37883,31819,38249,39301,3,902,-26,-27,-36,26
34280,79,79,-4,36404,123,311,36251,29711,39407,40247,3,902,-25,-27,-33,20
34320,79,79,-4,36644,123,311,35878,30422,37836,42440,3,902,-26,-26,-31,10
34360,79,79,-4,36299,123,311,41850,34264,31976,37106,3,902,-25,-25,-27,0
34400,79,79,-4,36464,123,311,35532,31588,37176,41560,3,902,-27,-25,-26,-6
34440,79,79,-4,36267,123,311,36229,31671,37261,39907,3,902,-27,-25,-27,-11
34480,79,79,-4,38495,123,311,36453,33341,40341,43845,3,902,-27,-24,-25,-14
34520,79,79,-4,36330,123,311,34725,30469,37515,42611,3,902,-25,-24,-25,-17
34560,79,79,-4,34363,0,311,34788,30480,32496,39688,3,902,-24,-23,-24,-20
34600,79,79,-5,37315,0,311,34372,33716,38294,42878,3,903,-24,-23,-23,-22
34640,79,79,-5,36024,0,311,33212,32614,36614,41656,3,903,-24,-22,-23,-21
34680,79,79,-5,34227,0,311,31975,30201,34513,40219,3,903,-25,-22,-23,-20
34720,80,79,-6,36215,0,311,37698,34630,33534,38998,3,903,-25,-22,-21,-20
34760,80,79,-6,35868,0,311,34462,33194,35036,40780,3,903,-25,-21,-21,-20
34800,80,79,-7,36184,0,311,35372,33634,35348,40382,3,903,-26,-20,-20,-19
34840,80,79,-7,37105,0,311,38393,36003,33809,40215,3,903,-26,-20,-20,-19
34880,80,79,-7,36017,0,311,32486,30882,37638,43062,3,903,-26,-20,-21,-20
34920,80,79,-6,33999,0,311,33564,31236,32588,38608,3,903,-26,-20,-21,-20
34960,80,79,-7,35263,0,311,34436,35214,32612,38790,3,903,-27,-19,-20,-19
35000,80,79,-7,36939,0,311,33436,33874,37436,43010,3,903,-27,-18,-19,-18
35020,80,79,-8,34489,0,311,31348,31162,34404,41042,3,903,-27,-17,-19,-17
35060,80,79,-8,35936,0,311,37054,34834,32542,39314,3,903,-27,-18,-21,-16
35100,80,79,-8,35269,0,311,37851,34239,31961,37025,3,904,-28,-16,-15,-14
35140,80,79,-9,35750,0,311,35683,34671,33287,39359,3,904,-28,-13,-10,-10
35180,80,79,-10,36901,0,311,37540,35122,34894,40048,3,904,-29,-11,-7,-4
35220,80,79,-10,36241,0,311,35954,34472,35064,39474,3,905,-30,-11,-6,1
35260,80,79,-10,35822,0,311,35915,35173,34251,37949,3,906,-29,-9,-4,7
35300,80,79,-10,35467,0,311,34756,32022,36080,39010,3,907,-30,-8,-2,12
35340,80,79,-10,36168,0,311,35405,33361,36763,39143,3,907,-29,-6,0,15
35380,80,79,-10,34879,0,311,34214,30726,36000,38576,3,908,-29,-6,0,17
35420,80,79,-10,36049,0,311,34587,32571,37833,39205,3,908,-29,-6,0,18
35460,80,79,-11,35037,0,311,33799,31357,37271,37721,3,908,-30,-5,0,21
35500,80,79,-11,36058,0,311,38852,33500,35078,36802,3,909,-30,-4,1,22
35540,81,79,-12,36119,0,311,35102,32564,38190,38620,3,909,-30,-3,1,22
35580,81,79,-12,36140,0,311,36939,33605,36809,37207,3,909,-30,-4,0,23
35620,81,79,-12,36703,0,311,32393,29653,41947,42819,3,909,-31,-4,-1,23
35660,81,79,-11,35882,0,311,34946,32050,36420,40112,3,910,-31,-3,-1,22
35700,81,79,-12,37268,0,311,36082,31060,40868,41062,3,910,-31,-4,-3,21
35740,80,79,-12,37741,0,311,35711,30787,42093,42373,3,910,-30,-4,-2,20
35780,80,79,-11,37461,0,311,38493,30489,40723,40139,3,910,-30,-4,-2,19
35820,80,79,-10,36165,0,311,38083,28841,39579,38157,3,910,-30,-4,-3,18
35860,80,79,-9,36355,0,311,37485,29537,39895,38503,3,910,-30,-4,-2,17
35880,80,79,-9,37340,0,311,38111,29671,41315,40263,3,910,-31,-3,-2,16
35920,80,79,-8,36581,0,311,36497,29073,39937,40817,3,910,-32,-3,-2,15
35960,80,79,-8,36988,0,311,36960,29840,40294,40858,3,910,-32,-3,-4,14
36000,80,79,-7,37261,0,311,38823,30397,39359,40465,3,910,-30,-4,-4,13
36040,80,79,-6,36250,0,311,37195,29023,38673,40109,3,912,-29,-4,-5,12
36080,80,79,-6,38105,0,311,39784,31198,40380,41058,3,915,-29,-5,-7,11
36120,80,79,-6,37659,0,311,38558,31266,39624,41188,3,917,-30,-5,-9,10
36160,80,79,-5,38452,0,311,37737,31585,41789,42697,3,920,-30,-6,-12,9
36200,80,79,-4,36781,0,311,35743,29259,41253,40869,3,920,-29,-6,-15,8
36240,79,79,-3,37987,0,311,37352,30798,40644,43154,3,920,-29,-7,-20,4
36280,79,79,-2,36998,0,311,38467,30721,36989,41815,3,920,-29,-8,-24,-3
36320,79,79,-1,38874,0,311,37484,31510,41936,44566,3,920,-26,-9,-27,-11
36360,79,79,0,36113,0,311,34293,29235,38569,42355,3,920,-26,-10,-31,-16
36400,79,79,0,38439,0,311,39503,32673,39997,41583,3,920,-26,-11,-31,-19
36440,79,79,0,36779,0,311,36265,31595,37689,41567,3,921,-25,-10,-30,-20
36480,79,79,1,36615,0,311,33906,30732,38988,42834,3,921,-24,-10,-31,-21
36520,79,79,2,37654,0,311,35170,32276,40166,43004,3,921,-24,-10,-31,-21
36560,79,79,2,35994,0,311,32023,29265,39695,42993,3,921,-24,-10,-31,-20
36600,79,79,2,36380,0,311,34010,28746,40658,42106,3,921,-25,-10,-30,-20
36640,79,79,2,35879,0,311,34351,31275,35929,41961,3,922,-25,-9,-28,-20
36680,79,79,2,37245,0,310,35837,33111,39129,40903,3,922,-25,-8,-22,-16
36700,79,79,2,36783,0,310,37095,34121,36551,39365,3,922,-26,-5,-14,-9
36740,79,79,2,36120,0,310,33930,31846,37794,40910,3,922,-27,-3,-6,-2
36780,79,79,2,35838,0,310,35707,30561,38099,38985,3,922,-28,-1,0,1
36820,79,79,2,37021,0,310,36892,32756,38650,39786,3,922,-28,1,2,5
36860,79,79,2,36563,0,311,32110,28248,44280,41614,3,922,-28,1,5,7
36900,79,79,2,35125,0,311,33586,28850,38192,39872,3,923,-29,2,7,10
36940,79,79,2,35971,0,311,36226,31048,37770,38840,3,923,-30,3,7,10
36980,79,79,1,36407,0,311,34709,29457,40389,41073,3,923,-29,5,9,10
37020,79,79,1,36509,0,311,36657,30219,39197,39963,3,924,-29,5,10,10
37060,79,79,1,34182,0,311,32585,25833,39255,39055,3,924,-29,5,10,9
37100,79,79,0,36574,0,311,33908,28614,42046,41728,3,925,-29,5,9,9
37140,79,79,0,35396,0,311,38017,30483,36683,36401,3,925,-30,5,9,9
37180,79,79,0,35324,0,311,35251,28265,38437,39343,3,925,-29,5,9,9
37220,79,79,-1,34309,0,311,34184,27094,37824,38134,3,925,-30,5,9,8
37260,79,79,-2,38180,0,311,34439,30031,43785,44465,3,925,-28,4,6,9
37300,79,79,-2,36207,0,311,35289,29779,39119,40641,3,925,-28,4,5,9
37340,79,79,-2,36648,0,311,32981,28395,41609,43607,3,925,-29,4,5,8
37380,79,79,-2,37460,0,311,39579,33223,37361,39677,3,925,-29,4,5,7
37420,79,79,-2,36340,0,311,35604,28806,39754,41196,3,925,-30,4,6,7
37460,79,79,-1,35668,0,311,35499,28947,38363,39863,3,925,-30,4,4,6
37500,79,79,-1,36022,0,311,35434,28134,39874,40646,3,925,-29,3,2,6
37520,79,79,-1,36882,0,311,38522,29844,39960,39202,3,925,-28,3,3,5
37560,79,79,-1,35842,0,311,34255,28793,40397,39923,3,925,-28,3,2,6
37600,79,79,-1,36733,0,311,39220,31056,39452,37204,3,925,-28,2,2,8
37640,79,79,-1,37619,0,311,37928,30056,41164,41328,3,926,-29,3,3,9
37680,79,79,-1,36420,0,311,36572,28864,40430,39814,3,926,-29,2,2,8
37720,79,79,0,36292,0,311,35637,28277,41047,40207,3,926,-29,2,1,8
37760,79,79,0,37385,0,311,39983,31627,39555,38375,3,926,-29,1,0,8
37800,79,79,0,36417,0,311,38412,29234,40250,37772,3,927,-29,1,-1,9
37840,79,79,0,36652,0,311,38604,28690,41026,38288,3,927,-29,0,-1,9
37880,79,79,0,35891,0,311,36920,27748,40892,38004,3,927,-29,0,0,10
37920,79,79,0,36042,0,311,37800,27696,41576,37096,3,928,-29,1,0,10
37960,79,79,0,34013,0,311,37054,25502,39358,34138,3,928,-30,1,0,11
38000,79,79,0,35249,0,311,37126,27034,40938,35898,3,928,-30,2,2,11
38040,79,79,0,35276,0,311,38659,26199,41355,34891,3,928,-31,2,3,12
38080,79,79,-1,35565,0,311,39427,27527,40293,35013,3,928,-31,2,4,12
38120,79,79,-1,33508,0,311,33359,23199,41437,36037,3,928,-30,2,4,12
38160,80,79,-2,35504,0,311,38949,28383,40025,34659,3,929,-29,1,2,13
38200,80,79,-2,32922,0,311,34901,23407,40449,32931,3,929,-30,1,3,13
38240,80,79,-3,37299,0,310,41129,30199,41841,36027,3,929,-30,0,5,14
38280,80,79,-4,34911,0,310,42841,28987,36265,31551,3,929,-30,0,5,14
38320,80,79,-4,36437,0,310,39093,27645,42009,37001,3,929,-30,0,5,13
38360,80,79,-4,36102,0,310,36909,26397,42981,38121,3,929,-29,-1,1,12
38380,80,79,-4,37485,0,310,39733,28291,43995,37921,3,930,-29,-1,1,12
38420,80,79,-3,34614,0,310,37776,25690,40440,34550,3,930,-29,-1,1,12
38460,80,79,-3,36080,0,310,39500,27360,41750,35710,3,930,-30,-3,1,12
38500,80,79,-3,35458,0,310,37184,26150,42300,36198,3,930,-31,-4,0,12
38540,80,79,-3,35416,0,310,37069,25667,42767,36161,3,930,-31,-4,0,13
38580,80,79,-3,34791,0,310,36989,25433,41537,35205,3,930,-31,-4,0,13
38620,80,79,-3,35423,0,310,40551,28313,39039,33789,3,930,-29,-4,0,14
38660,80,79,-3,37143,0,311,37908,26852,44618,39194,3,930,-29,-5,0,13
38700,80,79,-3,35794,0,311,35576,25044,44564,37992,3,930,-30,-6,-3,12
38740,80,79,-3,37189,0,311,37163,27471,44323,39799,3,930,-30,-8,-7,11
38780,80,79,-3,36278,0,311,39799,27539,41895,35879,3,930,-30,-8,-7,11
38820,79,79,-2,35583,0,311,38110,26524,41564,36134,3,930,-30,-9,-8,11
38860,80,79,-2,33883,0,311,36252,24044,41350,33886,3,930,-29,-10,-8,11
38900,80,79,-2,35360,0,311,37901,26037,42701,34801,3,930,-28,-10,-6,12
38940,80,79,-2,35383,0,311,38720,26256,41642,34914,3,932,-29,-10,-7,13
38980,80,79,-3,35540,0,311,38877,26315,41757,35211,3,932,-29,-11,-8,13
39020,80,79,-3,35798,0,311,39251,26205,42907,34829,3,932,-29,-11,-8,13
39060,80,79,-3,38186,0,311,39006,26376,48168,39194,3,932,-29,-12,-8,13
39100,80,79,-3,36280,0,311,37279,25015,45149,37677,3,932,-29,-13,-10,13
39140,79,79,-3,36778,0,311,40985,27997,41893,36237,3,932,-29,-14,-12,13
39180,79,79,-3,35859,0,311,39227,26363,42339,35507,3,932,-29,-14,-11,12
39200,79,79,-3,34751,0,311,38846,26230,39942,33986,3,934,-29,-14,-10,12
39240,79,79,-3,35185,0,311,32637,23249,45841,39013,3,934,-30,-14,-9,12
39280,79,79,-3,36271,0,311,39427,27105,42981,35571,3,934,-30,-16,-10,13
39320,79,79,-3,35904,0,311,38035,26981,42931,35669,3,934,-29,-18,-12,13
39360,79,79,-3,35609,0,311,37769,25425,42413,36829,3,934,-29,-19,-13,12
39400,79,79,-3,36277,0,311,39967,28155,40529,36457,3,934,-28,-18,-12,11
39440,79,79,-3,36615,0,310,39425,27781,42413,36841,3,939,-29,-18,-12,10
39480,79,79,-3,36670,0,310,37250,27878,44076,37476,3,944,-29,-19,-15,9
39520,79,79,-3,37645,0,310,38539,28341,44819,38881,3,947,-28,-20,-16,9
39560,79,79,-3,35458,0,310,39781,27627,38823,35601,3,947,-28,-22,-20,7
39600,79,79,-2,36094,0,310,36842,26816,42344,38374,3,947,-28,-23,-23,2
39640,79,79,-2,36811,0,310,41361,28585,41363,35935,3,950,-28,-24,-26,-2
39680,79,79,-2,36944,0,310,40088,28542,41992,37154,3,956,-25,-25,-27,-7
39720,79,79,-2,38236,0,310,38540,27546,46078,40780,3,956,-25,-26,-30,-10
39760,79,79,-1,36702,0,310,39289,26695,43647,37177,3,956,-26,-26,-31,-12
39800,79,79,-1,36040,0,310,38118,26896,42676,36470,3,956,-26,-27,-32,-13
39840,79,79,-1,36421,0,310,39926,28104,41816,35838,3,956,-26,-27,-32,-12
39880,79,79,-1,35746,0,310,39479,28021,39839,35645,3,956,-24,-28,-33,-13
39920,79,79,0,35998,0,310,38665,27233,41221,36873,3,956,-25,-28,-34,-14
39960,79,79,-1,38414,0,310,41567,31807,42141,38141,3,956,-25,-28,-33,-15
40000,79,79,-1,36380,0,310,39665,28791,40961,36103,3,956,-25,-28,-32,-15
40020,79,79,0,36385,0,310,39003,28595,40433,37509,3,956,-24,-28,-32,-15
40060,79,79,0,37436,0,310,38156,29264,42870,39454,3,956,-24,-28,-32,-16
40100,79,79,0,37105,0,310,40401,29763,40989,37267,3,956,-24,-27,-29,-16
40140,79,79,0,36681,0,310,38117,29145,41367,38095,3,957,-25,-27,-27,-17
40180,79,79,0,36130,0,310,35700,28008,41054,39758,3,958,-25,-25,-26,-17
40220,79,79,0,36150,0,310,39477,30347,38199,36577,3,961,-25,-25,-26,-18
40260,79,79,0,36402,0,310,35676,28414,41670,39848,3,961,-25,-25,-23,-18
40300,79,79,0,35090,0,310,37014,28858,37816,36672,3,961,-24,-23,-22,-18
40340,79,79,1,35283,0,310,38036,30064,37548,35484,3,962,-23,-22,-22,-18
40380,79,79,0,35859,0,310,36402,28562,40094,38378,3,962,-25,-21,-20,-17
40420,79,79,0,33974,0,310,35423,27705,36097,36671,3,962,-25,-21,-21,-17
40460,79,79,0,36203,112,310,38410,31580,37228,37594,3,962,-25,-21,-20,-18
40500,79,79,0,34118,112,310,28930,25976,40250,41316,3,962,-25,-21,-20,-17
40540,79,79,0,36163,112,310,38311,32587,36729,37025,3,962,-25,-21,-24,-16
40580,79,79,-1,35997,112,310,33956,30822,37998,41212,3,962,-25,-21,-23,-16
40620,79,79,-2,35956,112,310,36086,31380,36214,40144,3,965,-24,-19,-20,-17
40660,79,79,-2,36891,111,310,36357,32501,37453,41253,3,965,-24,-18,-20,-18
40700,79,79,-2,36107,111,310,34231,32095,36861,41241,3,967,-22,-18,-22,-18
40740,79,79,-2,36669,111,310,35800,33530,35796,41550,3,967,-24,-18,-25,-18
40780,79,79,-2,36570,111,310,33843,34161,35073,43203,3,968,-23,-17,-25,-18
40820,79,79,-2,37002,111,310,29334,34588,37078,47008,3,968,-22,-16,-21,-18
40860,79,79,-2,34937,111,310,26026,30340,36564,46818,3,968,-22,-14,-15,-19
40880,79,79,-2,36822,0,310,32206,36842,33554,44686,3,968,-24,-12,-11,-19
40920,79,79,-2,37069,109,310,32359,37111,33381,45425,3,968,-23,-10,-6,-18
40960,79,79,-2,35050,109,310,29227,34703,32617,43653,3,970,-25,-7,-2,-18
41000,79,79,-2,36804,109,310,31139,36651,34875,44551,3,970,-25,-6,1,-16
41040,79,79,-2,37026,109,310,32191,37831,35021,43061,3,970,-25,-3,4,-14
41080,79,79,-2,37731,109,310,31777,36625,38535,43987,3,970,-25,-1,5,-11
41120,79,79,-3,40017,108,310,36596,40152,38378,44942,3,970,-27,0,3,-8
41160,79,79,-3,38477,108,310,32918,37616,38084,45290,3,970,-27,0,2,-7
41200,79,79,-2,38176,108,310,34922,37716,37396,42670,3,970,-26,0,3,-6
41240,78,79,-1,37203,108,310,33620,35386,36454,43352,3,970,-27,1,4,-7
41280,78,79,0,37152,109,310,32302,33962,39640,42704,3,970,-27,2,3,-7
41320,78,79,0,38288,109,310,36615,35711,40089,40737,3,970,-27,2,4,-6
41360,78,79,0,37410,108,310,32492,33626,41602,41920,3,970,-27,3,4,-4
41400,78,79,1,39190,108,310,35150,35436,43302,42872,3,970,-27,3,3,-2
41440,78,79,2,37027,108,310,32103,32511,42293,41201,3,970,-26,3,4,0
41480,78,79,2,36373,108,310,28892,31726,41620,43254,3,970,-26,4,4,1
41520,78,79,2,36355,108,310,36324,36354,34764,37978,3,971,-27,4,5,2
41560,78,79,2,37601,108,310,41052,41382,32110,35860,3,971,-28,5,8,3
41600,78,79,2,37174,108,310,29960,34412,41250,43074,3,971,-29,6,10,5
41640,78,79,2,37450,108,310,33739,34779,40553,40729,3,971,-29,7,10,8
41680,78,79,3,35044,108,310,31162,32414,38086,38514,3,971,-30,8,9,10
41700,78,79,3,36062,109,310,31865,33445,38801,40137,3,971,-30,8,9,11
41740,78,79,2,37177,109,310,35598,35762,38384,38964,3,971,-29,8,8,12
41780,78,79,2,37757,109,310,33553,35257,40819,41399,3,971,-29,8,9,12
41820,78,79,2,34721,109,310,30162,32432,37790,38500,3,971,-29,7,6,13
41860,78,79,2,36836,109,310,33602,36570,36984,40188,3,971,-30,7,5,14
41900,78,79,2,36717,109,310,28743,32495,41415,44215,3,971,-31,9,7,13
41940,78,79,2,37026,109,310,30559,35043,39511,42991,3,971,-31,9,10,12
41980,78,79,2,36243,109,310,32758,35464,37014,39736,3,971,-31,9,7,13
42020,79,79,2,35800,109,309,28595,32267,39267,43071,3,971,-31,8,4,12
42060,79,79,2,38844,109,309,36492,37214,39046,42624,3,971,-31,8,7,11
42100,78,79,1,36761,109,309,30228,33846,39726,43244,3,971,-30,9,8,9
42140,78,79,2,38156,109,309,33783,37735,39295,41811,3,971,-30,8,2,11
42180,78,79,2,37446,109,309,34824,36160,37884,40916,3,971,-30,7,-1,12
42220,78,79,2,37351,109,309,33049,34233,38785,43337,3,971,-30,6,-6,11
42260,78,79,3,35516,108,309,29909,31151,38085,42919,3,971,-29,4,-11,8
42300,78,79,3,36910,108,309,28179,31575,43317,44569,3,971,-29,2,-17,6
42340,78,79,2,36076,0,309,31791,31121,40645,40747,3,971,-29,1,-20,5
42380,78,79,2,36025,0,309,33155,32347,38185,40413,3,971,-28,0,-20,2
42420,78,79,2,37240,0,309,33603,32597,41057,41703,3,971,-28,0,-23,0
42460,78,79,2,37292,0,309,33496,33124,40020,42528,3,971,-28,0,-26,-1
42500,78,79,2,35583,0,309,30885,31037,39049,41361,3,971,-28,-1,-25,-3
42520,78,79,2,36433,0,309,30940,32734,40038,42020,3,971,-27,-1,-26,-3
42560,79,79,2,37570,0,309,33381,34189,39837,42873,3,972,-28,-1,-28,-3
42600,78,79,1,38061,111,309,37810,34768,39540,40126,3,972,-28,-1,-25,-4
42640,78,79,1,37528,111,309,33024,32622,41132,43334,3,972,-28,-1,-28,-5
42680,78,79,2,39494,110,309,35918,33450,44372,44236,3,972,-28,-1,-30,-6
42720,78,79,2,37496,110,309,36049,33773,38801,41361,3,972,-28,-2,-31,-7
42760,78,79,3,37512,110,309,34208,33872,39320,42648,3,972,-28,-1,-29,-7
42800,78,79,3,38258,110,309,35219,34597,40583,42633,3,972,-28,0,-23,-5
42840,78,79,4,37325,110,309,32093,32549,41483,43175,3,972,-28,1,-16,-2
42880,78,79,5,37206,111,309,35489,32785,39441,41109,3,972,-28,2,-11,0
42920,78,79,6,37660,111,309,35594,34474,39426,41146,3,972,-28,3,-7,1
42960,78,79,6,36988,111,309,34782,33370,39832,39968,3,972,-28,5,-4,3
43000,78,79,7,36338,111,309,32506,31526,40888,40432,3,972,-29,5,-2,6
43040,78,79,7,36395,111,309,34782,32078,38910,39810,3,972,-29,6,0,7
43080,78,79,6,37004,111,309,35172,32392,39538,40914,3,972,-29,6,0,7
43120,78,79,6,37259,111,309,33684,32146,41560,41646,3,972,-29,7,0,8
43160,78,79,6,37910,111,309,32834,31994,44230,42582,3,972,-30,7,2,11
43200,78,79,6,37002,111,309,35035,32423,41083,39467,3,972,-30,8,3,15
43240,78,79,6,37529,0,309,36909,31971,41535,39701,3,973,-30,8,4,17
43280,78,79,6,36988,0,309,34503,29905,42299,41245,3,974,-30,9,6,17
43320,78,79,6,36766,0,309,36599,31687,40569,38209,3,974,-31,9,6,17
43360,78,79,6,37491,0,309,38589,32563,39973,38839,3,974,-30,9,7,17
43380,78,79,6,38024,0,309,38204,30620,42578,40694,3,975,-30,10,9,15
43420,78,79,6,37915,0,309,37685,30331,42585,41059,3,975,-29,11,9,13
43460,78,79,6,35639,0,309,35433,29091,39701,38331,3,975,-29,10,7,12
43500,78,79,6,37714,0,309,37518,32654,41976,38708,3,975,-29,10,6,13
43540,78,79,6,36380,0,309,38825,31885,39155,35655,3,975,-29,10,7,15
43580,78,79,6,36129,0,309,35066,28816,41008,39626,3,975,-30,10,8,15
43620,78,79,7,36714,0,309,35612,28468,42932,39844,3,975,-28,10,6,14
43660,78,79,6,36911,0,309,36888,29362,42522,38872,3,975,-29,9,5,13
43700,78,79,6,37801,0,309,39112,31560,41912,38620,3,975,-29,9,4,13
43740,78,79,6,36354,0,309,37044,28110,41292,38970,3,975,-28,8,1,12
43780,78,79,6,36398,0,309,35394,27496,43062,39640,3,975,-28,7,0,10
43820,78,79,6,36258,0,309,36203,29031,42171,37627,3,975,-28,7,-1,9
43860,78,79,6,37408,0,309,37355,30129,43335,38813,3,975,-29,7,-2,9
43900,78,79,6,35493,0,309,37786,28654,40424,35108,3,975,-29,6,-4,8
43940,78,79,6,35752,0,309,38468,28076,40748,35716,3,975,-28,5,-8,5
43980,78,79,6,36796,0,309,37910,28400,42774,38100,3,975,-28,4,-13,1
44020,78,79,5,36452,0,309,37868,27576,42960,37404,3,975,-28,2,-17,-2
44060,78,79,5,35966,0,309,38882,28234,40238,36510,3,975,-28,1,-21,-6
44100,78,79,5,36271,0,309,38669,29055,40957,36403,3,975,-28,0,-23,-8
44140,78,79,5,36292,0,309,35411,27923,42835,38999,3,975,-26,1,-24,-9
44180,78,79,4,34084,0,309,34833,24579,40899,36025,3,975,-27,0,-27,-9
44200,78,79,4,35422,0,309,37902,28570,40380,34836,3,975,-27,0,-27,-10
44240,79,79,3,35285,0,309,36390,28602,41094,35054,3,975,-25,0,-27,-10
44280,79,79,2,36113,0,309,36823,28137,42567,36925,3,975,-25,0,-28,-8
44320,79,79,0,36459,0,309,36127,27005,44903,37801,3,975,-25,0,-28,-8
44360,79,79,0,38325,0,309,40634,30714,44838,37114,3,975,-25,0,-30,-7
44400,79,79,0,37228,0,309,37040,27798,46234,37840,3,975,-26,0,-31,-6
44440,79,79,0,37409,0,309,42246,31010,42032,34348,3,975,-26,-1,-33,-6
44480,79,79,0,37929,0,309,41504,31926,43100,35186,3,975,-26,-1,-33,-5
44520,78,79,0,39340,0,309,41014,31482,46708,38156,3,975,-26,0,-31,-4
44560,78,79,0,39023,0,309,38403,29899,47891,39899,3,976,-26,0,-33,-4
44600,78,79,0,36014,0,309,38130,27656,43234,35036,3,976,-26,-1,-35,-3
44640,78,79,0,37195,0,309,34307,29191,45349,39933,3,976,-26,-1,-36,-3
44680,78,79,0,38662,0,309,41151,33383,42841,37273,3,976,-27,0,-32,-3
44720,78,79,0,37812,0,309,36956,29344,45616,39332,3,977,-26,0,-30,-4
44760,78,79,1,36742,0,309,37251,29925,42491,37301,3,977,-27,0,-32,-4
44800,78,79,1,38297,0,309,38201,31517,44973,38497,3,979,-27,0,-32,-4
44840,78,79,1,36842,0,309,37162,29416,43834,36956,3,980,-27,1,-28,-3
44880,78,79,1,36639,0,309,37980,30566,41058,36952,3,981,-27,3,-24,-3
44920,78,79,1,37206,0,309,37447,30329,43015,38033,3,982,-27,5,-15,-3
44960,78,79,0,36346,0,309,37792,28938,41676,36978,3,982,-27,9,-1,-4
45000,78,79,0,37915,0,309,38452,31262,42648,39298,3,982,-27,12,6,-6
45020,78,79,1,34558,0,309,37192,27624,38478,34938,3,982,-27,15,10,-7
45060,78,79,0,36628,0,309,38500,31196,40594,36222,3,982,-26,16,14,-9
45100,78,79,0,36795,0,309,38074,29142,42448,37516,3,982,-25,17,17,-9
45140,79,79,0,36594,0,309,39328,29638,40948,36462,3,982,-26,18,19,-9
45180,79,79,-1,37255,0,309,38882,29232,42878,38028,3,982,-26,19,21,-10
45220,79,79,-1,39057,0,309,43092,32716,42730,37690,3,982,-27,20,20,-11
45260,79,79,-1,35572,0,309,37189,27831,41807,35461,3,982,-27,20,20,-11
45300,79,79,-1,37916,0,309,41102,31832,41316,37414,3,982,-27,20,19,-10
45340,79,79,-1,36959,0,309,40112,29876,40662,37186,3,982,-26,19,18,-10
45380,79,79,0,37483,0,309,39135,29849,42425,38523,3,982,-26,20,17,-11
45420,79,79,-1,35602,0,309,34667,27113,42821,37807,3,982,-26,20,16,-11
45460,79,79,-1,37550,0,309,38838,30280,43250,37832,3,982,-26,19,17,-10
45500,79,79,-1,35540,0,309,34680,27362,43160,36958,3,982,-26,19,15,-9
45540,79,79,-1,38015,0,309,40198,32042,42690,37130,3,982,-26,19,14,-7
45580,79,79,-1,37586,0,309,38959,30987,42445,37953,3,982,-26,18,14,-6
45620,79,79,-2,36860,0,309,37293,29911,42379,37857,3,982,-26,16,8,-6
45660,79,79,-2,35795,0,309,37167,30557,40031,35425,3,982,-27,15,3,-5
45700,79,79,-2,35603,0,309,34539,28153,41903,37817,3,982,-27,14,0,-5
45740,79,79,-2,37500,0,308,34789,28781,45015,41415,3,982,-27,12,-6,-5
45780,79,79,-3,36358,0,308,34907,29007,42683,38835,3,982,-27,9,-14,-6
45820,79,79,-4,36981,0,308,37199,29371,43013,38341,3,982,-27,5,-20,-6
45860,79,79,-4,37016,0,308,35531,30521,43561,38451,3,982,-26,4,-24,-5
45880,79,79,-4,36011,0,308,35672,29496,42848,36028,3,982,-27,2,-27,-3
45920,79,79,-5,35944,0,308,34465,27779,43753,37779,3,982,-27,1,-29,-2
45960,79,79,-5,37282,0,308,38783,30003,43351,36991,3,982,-26,0,-29,-2
46000,79,79,-6,36984,0,309,37014,29732,44338,36852,3,982,-26,0,-28,-3
46040,79,79,-6,36177,0,309,34738,27646,45986,36338,3,982,-26,-1,-31,-1
46080,79,79,-6,36646,0,309,37913,29883,43639,35149,3,982,-26,-2,-32,0
46120,79,79,-7,38123,0,309,38461,31267,45381,37383,3,982,-25,-2,-30,1
46160,79,79,-7,35613,0,309,35259,26915,44579,35699,3,982,-25,-3,-33,2
46200,79,79,-7,37770,0,309,35839,29703,47173,38365,3,982,-26,-5,-32,2
46240,79,79,-7,37200,0,309,37370,31128,43670,36632,3,982,-26,-5,-32,2
46280,79,79,-7,37461,0,309,40455,31181,42355,35853,3,982,-26,-5,-32,2
46320,79,79,-6,37330,0,309,38731,29519,43615,37455,3,982,-26,-6,-31,1
46360,79,79,-6,37945,0,309,37328,29836,45470,39146,3,982,-26,-5,-29,2
46400,79,79,-6,39928,0,308,41722,34170,45804,38016,3,982,-26,-5,-29,6
46440,79,79,-6,38202,0,308,38912,30706,46738,36452,3,982,-26,-4,-25,12
46480,79,79,-5,37635,0,308,36373,28141,47295,38731,3,982,-26,-3,-23,16
46520,79,79,-4,37336,0,308,40123,29097,44045,36079,3,982,-27,-3,-21,18
46560,79,79,-3,36756,0,308,38947,29011,43099,35967,3,982,-27,-2,-17,18
46600,79,79,-3,36848,0,308,38744,29772,43278,35598,3,982,-26,-2,-14,18
46640,79,79,-3,37658,0,308,38596,30716,44150,37170,3,982,-27,-1,-13,18
46680,79,79,-2,37660,0,308,38552,29686,44652,37750,3,982,-27,-1,-12,19
46700,79,79,-2,37046,0,308,38445,27007,45499,37233,3,982,-28,-1,-12,19
46740,79,79,-1,36842,0,308,37454,27748,44278,37888,3,982,-28,-2,-12,17
46780,79,79,-1,36214,0,308,39668,27496,43276,34416,3,982,-28,-2,-11,16
46820,79,79,-1,36724,0,308,39622,28204,42952,36118,3,982,-28,-2,-9,15
46860,79,79,-1,36576,0,308,38829,27101,43827,36547,3,982,-28,-1,-9,14
46900,79,79,-1,36665,0,308,36075,26353,45899,38333,3,982,-28,-2,-10,14
46940,79,79,-2,36980,0,308,38116,27418,44640,37746,3,982,-28,-2,-12,14
46980,79,79,-2,36741,0,308,38287,25841,45593,37243,3,984,-28,-2,-11,14
47020,79,79,-2,38726,0,308,45359,32003,42079,35463,3,986,-27,-2,-11,13
47060,79,79,-1,36216,0,308,38814,27692,41694,36664,3,991,-27,-2,-9,11
47100,79,79,-1,37009,0,308,40403,28833,42389,36411,3,1002,-27,-2,-9,11
47140,79,79,-1,36205,0,308,37872,27698,42808,36442,3,1010,-27,-2,-11,11
47180,79,79,-1,36588,0,308,38539,27803,42619,37391,3,1015,-26,-3,-12,11
47220,79,79,-1,36171,0,308,38112,26690,42776,37106,3,1022,-26,-3,-9,10
47260,79,79,-1,37917,0,308,39593,29989,44099,37987,3,1028,-26,-3,-9,10
47300,79,79,-1,36652,0,308,34871,24569,47035,40133,3,1035,-26,-3,-9,10
47340,79,79,-1,34965,0,308,38817,26195,40201,34647,3,1037,-26,-4,-11,10
47380,79,79,-1,36905,0,308,36173,28469,44755,38223,3,1040,-25,-4,-10,10
47420,79,79,-1,36130,0,308,32606,24910,47006,39998,3,1047,-25,-4,-11,10
47460,79,79,-1,36621,0,308,40495,26799,43581,35609,3,1052,-24,-6,-16,7
47500,79,79,-1,36584,0,308,34488,24700,45772,41376,3,1054,-24,-7,-19,1
47520,80,79,-1,35830,0,308,36141,25451,44543,37185,3,1055,-24,-9,-23,-3
47560,80,79,-2,35661,0,308,35604,27874,42294,36872,3,1057,-22,-10,-26,-5
47600,80,79,-2,36664,0,308,37110,27148,43138,39260,3,1057,-22,-11,-30,-6
47640,80,79,-2,36590,0,308,40083,28047,41123,37107,3,1057,-22,-12,-30,-9
47680,80,79,-3,36349,0,308,37787,27325,41901,38383,3,1057,-22,-12,-29,-12
47720,80,79,-3,34487,0,308,37441,26705,39461,34341,3,1058,-22,-13,-30,-13
47760,80,79,-3,35239,0,308,37492,29374,39486,34604,3,1058,-22,-14,-32,-12
47800,80,79,-4,36705,0,308,38602,28708,42876,36634,3,1058,-22,-14,-30,-11
47840,80,79,-5,36772,0,308,42852,29670,40344,34222,3,1060,-22,-14,-28,-11
47880,80,79,-5,35458,0,308,38219,26585,41241,35787,3,1060,-22,-14,-29,-12
47920,80,79,-5,35452,0,308,36363,26507,42565,36373,3,1060,-22,-14,-31,-12
47960,80,79,-5,36882,0,308,42201,29723,40551,35053,3,1061,-22,-14,-30,-12
48000,80,79,-5,35940,0,309,39939,28087,40283,35451,3,1061,-22,-14,-28,-13
48040,80,79,-5,35744,0,309,39676,28590,39706,35004,3,1061,-22,-14,-28,-14
48080,80,79,-6,36972,0,309,38855,29721,42065,37247,3,1061,-22,-14,-30,-13
48120,80,79,-6,36700,0,308,39947,30349,41133,35371,3,1061,-22,-14,-29,-12
48160,80,79,-6,36172,0,308,36152,29244,40966,38326,3,1061,-22,-14,-30,-11
48200,80,79,-6,34949,0,308,36333,28121,39049,36293,3,1061,-22,-14,-29,-11
48240,80,79,-7,36457,0,308,34774,28836,41766,40452,3,1062,-21,-14,-29,-12
48280,80,79,-7,35888,0,308,37100,30792,39002,36658,3,1062,-21,-14,-29,-13
48320,80,79,-8,35895,0,309,37439,31157,37809,37175,3,1062,-22,-14,-29,-11
48360,80,79,-8,35478,0,309,33759,30319,38607,39227,3,1062,-22,-14,-29,-10
48380,80,79,-9,36160,0,309,36075,31481,37407,39677,3,1062,-21,-14,-30,-10
48420,80,79,-9,37192,0,309,36283,34281,37813,40391,3,1062,-21,-14,-30,-12
48460,80,79,-10,37023,0,309,35547,33497,38529,40519,3,1062,-21,-14,-30,-12
48500,80,79,-10,34988,0,309,33034,33070,34360,39488,3,1062,-21,-14,-31,-12
48540,80,79,-10,36632,0,309,34058,32788,37742,41940,3,1062,-21,-13,-29,-12
48580,80,79,-10,35432,0,309,31510,31942,36736,41540,3,1062,-21,-12,-28,-13
48620,80,79,-10,38174,0,309,34613,35053,39719,43311,3,1062,-21,-12,-29,-12
48660,80,79,-11,36493,0,309,35478,34500,35788,40206,3,1062,-21,-12,-27,-11
48700,80,79,-10,37464,0,309,32639,33461,39421,44335,3,1062,-22,-12,-30,-11
48740,80,79,-10,37406,104,309,32860,31772,40644,44348,3,1062,-21,-12,-30,-10
48780,80,79,-10,37119,103,309,33777,33801,37839,43059,3,1062,-25,-9,-23,-9
48820,80,79,-9,36683,103,309,34630,36360,35900,39842,3,1062,-25,-5,-14,-4
48860,80,79,-9,38794,0,309,35750,37248,39242,42936,3,1062,-25,-2,-8,0
48900,80,79,-8,36531,100,309,33185,33521,37983,41435,3,1063,-26,0,-4,5
48940,80,79,-7,38227,0,309,34769,35321,38749,44069,3,1063,-26,1,-4,7
48980,80,79,-7,38230,0,309,32882,35550,39618,44870,3,1063,-27,1,-2,8
49020,80,79,-6,37717,98,309,31843,34261,39125,45639,3,1063,-24,2,0,9
49060,80,79,-5,37148,98,309,31854,34210,37692,44836,3,1063,-24,3,-2,8
49100,79,79,-4,38112,97,309,33540,35408,38876,44624,3,1063,-24,4,0,8
49140,79,79,-3,35049,97,309,30821,33211,35405,40759,3,1063,-24,5,2,8
49180,79,79,-3,38226,97,309,33666,35810,39622,43806,3,1063,-24,6,2,10
49200,79,79,-2,36547,97,309,34383,33493,37055,41257,3,1063,-24,6,1,11
49240,79,79,-2,35831,97,309,33297,32909,36191,40927,3,1063,-25,7,3,10
49280,79,79,-2,35813,97,309,30920,31660,38478,42194,3,1063,-25,8,3,10
49320,80,79,-2,35783,96,309,31448,31946,37038,42700,3,1063,-25,8,2,10
49360,80,79,-2,34598,96,309,32571,30199,35551,40071,3,1063,-25,8,2,9
49400,80,79,-3,37653,95,309,33515,33567,39679,43851,3,1063,-25,8,3,7
49440,80,79,-4,37612,95,309,32004,33820,39678,44946,3,1063,-25,8,0,8
49480,80,79,-4,36762,94,309,33020,34624,36216,43188,3,1063,-24,7,-4,9
49520,80,79,-4,37879,94,309,33860,35400,37710,44546,3,1064,-24,6,-5,10
49560,80,79,-4,37131,94,309,26907,32287,40355,48975,3,1064,-25,6,-3,9
49600,80,79,-4,37287,93,309,32146,33316,38742,44944,3,1064,-25,6,-6,9
49640,79,79,-4,37891,92,309,32625,34937,38535,45467,3,1064,-25,6,-5,8
49680,79,79,-3,37362,91,309,33173,33511,38179,44585,3,1064,-24,6,-5,8
49720,79,79,-3,37059,91,309,32982,32476,38838,43940,3,1064,-24,7,-5,7
49760,79,79,-3,37310,91,309,32028,33600,39736,43876,3,1064,-24,7,-4,7
49800,79,79,-3,37207,90,309,32448,32696,40322,43362,3,1064,-24,7,-5,9
49840,79,79,-2,36918,90,309,34413,33931,37373,41955,3,1064,-25,6,-5,10
49880,79,79,-1,36810,89,309,33006,34906,37154,42174,3,1064,-25,7,-5,9
49920,79,79,-1,36211,89,309,29921,32577,39055,43291,3,1064,-25,7,-5,10
49960,79,79,-1,36313,89,309,32132,33298,37732,42090,3,1064,-25,7,-5,12
50000,79,79,-1,36281,90,308,29660,31406,38502,45556,3,1064,-25,7,-4,11
50020,79,79,-1,38495,90,308,34593,35537,38555,45295,3,1064,-25,7,-4,9
50060,79,79,-1,36946,90,308,29371,32889,39141,46383,3,1064,-25,7,-5,8
50100,79,79,-1,37539,88,308,34301,35789,36687,43379,3,1064,-25,7,-4,8
50140,79,79,-1,37576,88,308,32053,33947,38493,45811,3,1065,-25,7,-4,7
50180,79,79,-1,38157,88,308,30296,36092,39054,47186,3,1065,-25,6,-6,7
50220,79,79,-1,38033,87,308,33438,35708,38712,44274,3,1065,-25,6,-6,9
50260,79,79,0,38946,87,308,33988,34402,41368,46026,3,1065,-24,6,-6,9
50300,79,79,0,37547,87,308,33480,34434,38700,43574,3,1065,-24,6,-7,9
50340,79,79,1,39653,87,308,32674,34838,43466,47634,3,1065,-24,6,-8,9
50380,79,79,1,38898,86,308,33439,33795,42543,45815,3,1065,-25,6,-8,9
50420,78,79,3,39032,86,308,34602,35312,40576,45638,3,1065,-25,6,-9,10
50460,78,79,3,37468,86,308,34186,33456,39922,42308,3,1065,-26,6,-8,11
50500,78,79,4,38746,86,308,39506,36732,38194,40552,3,1065,-26,6,-7,11
50540,78,79,4,38082,86,308,33211,33233,40971,44913,3,1065,-26,6,-8,10
50580,78,79,5,38356,86,308,37189,36625,37059,42551,3,1065,-26,5,-12,10
50620,78,79,6,37941,86,308,34903,33807,38463,44591,3,1065,-27,5,-10,8
50660,78,79,6,37085,86,308,32408,32270,39758,43904,3,1065,-28,5,-10,7
50700,78,79,6,39413,86,308,34043,33845,43023,46741,3,1065,-28,5,-11,7
50740,78,79,6,37067,86,308,32661,32183,39205,44219,3,1065,-28,5,-13,6
50780,78,79,6,38405,87,308,34887,33303,40005,45425,3,1065,-26,4,-14,4
50820,78,79,6,37893,87,308,34157,33045,39779,44591,3,1065,-25,4,-16,1
50860,78,79,6,38384,86,308,36309,33035,41507,42685,3,1065,-26,3,-17,0
50880,78,79,6,38390,87,308,39159,33755,39119,41527,3,1065,-26,3,-18,0
50920,78,79,6,38258,87,308,38230,34516,38806,41480,3,1065,-26,3,-19,-2
50960,78,79,6,35478,87,308,32904,29156,39252,40600,3,1065,-26,2,-20,-2
51000,78,79,6,38017,87,308,38865,33837,40003,39363,3,1065,-26,2,-16,-1
51040,78,79,5,38034,87,308,30014,30236,45438,46448,3,1065,-26,3,-16,0
51080,78,79,5,36996,88,308,34034,31108,40572,42270,3,1066,-25,3,-19,0
51120,78,79,5,36585,88,308,36536,32516,37210,40078,3,1066,-24,3,-17,0
51160,78,79,5,36924,88,308,35724,33684,37474,40814,3,1066,-25,4,-13,-1
51200,78,79,5,36921,88,308,31754,31086,40876,43968,3,1066,-25,5,-12,-3
51240,78,79,5,37034,88,308,36925,34077,36753,40381,3,1066,-24,5,-11,-4
51280,78,79,5,37076,89,308,31744,29414,42332,44814,3,1066,-24,5,-8,-7
51320,78,79,4,37302,88,308,35120,32484,39812,41792,3,1066,-24,4,-11,-9
51360,78,79,4,37560,88,308,36115,32363,40013,41749,3,1066,-24,4,-10,-10
51400,78,79,4,36954,89,308,34542,33350,38622,41302,3,1067,-23,4,-8,-11
51440,78,79,4,37383,89,308,38886,35894,36010,38742,3,1067,-24,5,-3,-11
51480,78,79,4,36910,89,307,30755,30905,41397,44583,3,1067,-23,6,-1,-11
51520,78,79,4,36785,89,307,34911,33641,37833,40755,3,1067,-23,7,5,-11
51560,78,79,4,37446,89,307,35448,34086,38684,41566,3,1067,-23,8,8,-10
51600,78,79,4,37155,89,307,34378,35806,36778,41658,3,1067,-23,9,6,-9
51640,78,79,4,36544,90,307,34912,33584,36974,40706,3,1067,-23,9,9,-8
51680,78,79,4,37192,90,307,34943,34115,37677,42033,3,1067,-24,10,11,-9
51700,78,79,4,37151,90,307,33328,34346,38374,42556,3,1067,-24,10,10,-9
51740,78,79,4,38146,90,307,32741,34431,40251,45161,3,1068,-24,10,11,-9
51780,78,79,4,38467,91,307,34824,34670,39890,44484,3,1068,-24,10,10,-9
51820,78,79,4,38582,91,307,35362,34920,40068,43978,3,1068,-22,9,10,-9
51860,78,79,4,37617,91,307,34651,35327,38279,42211,3,1068,-22,8,7,-9
51900,78,79,4,38026,91,307,38415,38777,34573,40339,3,1068,-23,8,6,-9
51940,78,79,5,37383,0,307,26493,31329,42813,48897,3,1068,-24,7,4,-8
51980,78,79,5,37209,0,307,33601,35099,36801,43335,3,1068,-24,6,0,-8
52020,78,79,6,37269,0,307,30823,33647,40083,44523,3,1068,-24,4,-4,-8
52060,78,79,6,37173,0,307,32673,36317,36519,43183,3,1069,-24,3,-7,-8
52100,78,79,6,37561,92,307,31781,33935,39113,45415,3,1069,-24,2,-10,-8
52140,78,79,7,36312,93,307,31283,33463,37591,42911,3,1069,-24,0,-14,-9
52180,78,79,7,37871,93,307,33277,37035,37531,43641,3,1069,-24,0,-18,-8
52220,78,79,6,37978,93,307,32277,35227,37881,46527,3,1069,-24,-1,-19,-9
52260,78,79,7,37470,93,307,30871,34763,38135,46111,3,1069,-24,-2,-21,-10
52300,78,79,7,36879,94,307,29891,35375,37617,44633,3,1069,-24,-3,-22,-10
52340,78,79,7,37127,94,307,29996,34822,38326,45364,3,1069,-23,-3,-21,-9
52380,78,79,7,36841,94,307,30064,35370,37108,44822,3,1069,-23,-4,-19,-8
52420,78,79,7,36813,94,307,30429,34047,38345,44431,3,1070,-23,-4,-20,-7
52460,78,79,7,37357,94,307,30746,34010,39584,45088,3,1070,-23,-3,-19,-7
52500,78,79,6,37536,95,307,32254,35404,37826,44660,3,1071,-23,-3,-18,-7
52520,78,79,6,37202,95,307,33728,35668,36738,42674,3,1072,-23,-4,-20,-8
52560,78,-999,6,37606,95,307,32401,35677,38141,44205,5,1072,-23,-4,-21,-7
52600,78,-999,6,32450,95,307,27020,29466,33576,39738,5,1072,-22,-4,-19,-6
52640,78,-999,5,32319,95,307,28310,29622,34314,37030,5,1072,-22,-4,-18,-6
52680,78,-999,2,32508,95,307,29743,33127,30729,36433,5,1072,-22,-3,-16,-6
52720,77,-999,0,32725,95,307,29405,31221,32633,37641,5,1072,-22,-3,-13,-6
52760,77,-999,-4,32917,95,307,30195,32615,32157,36701,5,1072,-23,-3,-15,-5
52800,77,-999,-7,33150,95,307,25294,29308,36342,41656,5,1072,-23,-3,-15,-4
52840,76,-999,-11,33468,97,307,29511,31667,33805,38889,5,1072,-23,-3,-15,-3
52880,75,-999,-14,33810,97,308,30087,32367,34593,38193,5,1072,-24,-3,-15,0
52920,74,-999,-18,34052,97,308,28415,32829,35203,39761,5,1072,-23,-2,-14,2
52960,73,-999,-21,34298,97,308,30500,33894,34152,38646,5,1072,-23,-2,-14,5
53000,72,-999,-23,34578,97,308,26944,31932,36918,42518,5,1072,-23,-2,-15,7
53040,71,-999,-26,34878,97,308,28809,31991,37333,41379,5,1072,-23,-2,-13,7
53080,70,-999,-28,35157,97,308,29441,33047,36581,41559,5,1073,-25,-2,-15,8
53120,69,-999,-30,35386,97,308,32967,35433,35145,37999,5,1073,-25,-2,-14,9
53160,67,-999,-32,35586,97,308,30514,33780,36708,41342,5,1073,-25,-2,-16,10
53200,66,-999,-34,35888,97,308,30721,33437,37807,41587,5,1073,-25,-3,-18,10
53240,65,-999,-35,36054,97,308,31186,34568,36352,42110,5,1073,-25,-3,-18,10
53280,63,-999,-36,36079,97,308,30231,33579,37251,43255,5,1073,-25,-3,-18,10
53320,62,-999,-37,36203,97,308,31603,34955,36389,41865,5,1073,-25,-3,-19,9
53360,60,-999,-37,36361,97,308,31152,35128,36530,42634,5,1073,-25,-3,-18,9
53380,59,-999,-38,36529,86,308,30588,35538,36916,43074,5,1073,-24,-3,-18,8
53420,58,-999,-38,36589,85,308,29108,35848,37330,44070,5,1073,-24,-3,-21,9
53460,56,-999,-38,36713,85,308,31759,36801,35543,42749,5,1073,-24,-4,-22,10
53500,55,-999,-38,36772,85,308,28326,34360,36226,48176,5,1073,-24,-3,-20,8
53540,53,-999,-39,36984,85,308,31042,37474,34880,44540,5,1073,-24,-3,-20,6
53580,52,-999,-39,37075,79,308,27323,37349,36239,47389,5,1073,-25,-3,-20,6
53620,51,-999,-39,37132,78,308,28838,37846,34730,47114,5,1073,-25,-2,-21,6
53660,50,-999,-39,37132,76,308,33912,41044,29672,43900,5,1073,-25,-2,-20,4
53700,48,-999,-39,37182,76,308,28370,39062,33564,47732,5,1073,-24,-2,-19,3
53740,47,-999,-38,37127,74,308,26735,38443,34303,49027,5,1073,-23,-2,-19,2
53780,46,-999,-38,37254,73,308,28169,39859,33063,47925,5,1073,-24,-1,-18,2
53820,45,-999,-38,37278,71,308,29464,39966,32292,47390,5,1073,-23,-2,-18,1
53860,44,-999,-37,37382,70,308,32186,43660,30236,43446,5,1073,-23,-1,-15,0
53900,42,-999,-38,37472,70,308,27487,39031,34767,48603,5,1073,-23,0,-12,1
53940,41,-999,-37,37489,68,308,31346,40094,31990,46526,5,1073,-23,0,-12,1
53980,40,-999,-37,37358,66,308,27755,38957,33885,48835,5,1073,-23,0,-13,0
54020,39,-999,-36,37490,66,308,26830,37898,35964,49268,5,1073,-24,1,-11,-2
54060,38,-999,-36,37451,66,308,27325,37933,36247,48299,5,1073,-24,2,-9,-2
54100,37,-999,-36,37455,63,308,28112,38244,34396,49068,5,1074,-25,3,-8,-3
54140,36,-999,-35,37457,61,308,31355,40119,31857,46497,5,1074,-25,3,-8,-6
54180,35,-999,-35,37396,60,308,32480,40476,31178,45450,5,1074,-25,5,-4,-7
54200,35,-999,-34,37317,58,308,28200,38344,33398,49326,5,1074,-25,6,2,-10
54240,34,-999,-34,37413,58,308,29095,39725,33193,47639,5,1074,-25,8,6,-10
54280,33,-999,-34,37405,57,308,29826,40950,32246,46598,5,1074,-26,9,7,-9
54320,32,-999,-33,37331,55,308,28724,39268,33490,47842,5,1074,-26,9,9,-8
54360,31,-999,-33,37380,54,308,29210,39350,33146,47814,5,1074,-26,9,8,-8
54400,30,-999,-33,37354,53,308,29566,40536,31384,47930,5,1074,-26,10,10,-9
54440,29,-999,-32,37306,53,308,29109,40491,31825,47799,5,1074,-27,10,11,-9
54480,28,-999,-32,37339,52,308,27755,39917,32777,48907,5,1074,-27,11,9,-9
54520,28,-999,-32,37268,52,308,28836,39088,32274,48874,5,1074,-25,13,12,-10
54560,27,-999,-31,37214,49,308,26167,38919,33483,50287,5,1074,-25,13,13,-11
54600,26,-999,-31,37258,49,308,25566,39712,33338,50416,5,1074,-26,13,12,-11
54640,25,-999,-31,37246,48,308,27982,40442,31294,49266,5,1074,-26,13,10,-10
54680,24,-999,-30,37179,47,308,28383,40999,29613,49721,5,1074,-27,13,13,-11
54720,23,-999,-30,37137,45,308,25378,38830,33638,50702,5,1074,-27,13,14,-12
54760,23,-999,-30,37058,44,308,25294,40834,31502,50602,5,1074,-27,12,13,-11
54800,22,-999,-29,36948,44,308,26427,39885,31255,50225,5,1074,-27,11,10,-11
54840,21,-999,-29,36852,43,308,26988,41014,30478,48928,5,1074,-27,11,10,-12
54880,20,-999,-28,36853,42,308,29196,39900,29878,48438,5,1074,-27,10,12,-12
54920,19,-999,-28,36754,41,308,26354,37628,32186,50848,5,1074,-27,10,12,-14
54960,19,-999,-27,36734,41,308,27157,40099,32457,47223,5,1074,-28,10,11,-13
55000,18,-999,-27,36748,40,308,26363,37793,33959,48877,5,1074,-28,9,9,-11
55020,17,-999,-28,36793,40,308,28187,38335,30963,49687,5,1074,-28,8,6,-12
55060,16,-999,-28,36713,38,308,28695,38141,30665,49351,5,1074,-28,7,3,-14
55100,15,-999,-27,36691,37,308,27432,38722,32536,48074,5,1074,-28,6,0,-15
55140,15,-999,-27,36619,37,308,28724,40010,31118,46624,5,1074,-28,5,-1,-13
55180,14,-999,-27,36570,36,308,29308,39370,29992,47610,5,1074,-28,5,-2,-13
55220,13,-999,-26,36341,36,308,25847,39625,31811,48081,5,1074,-28,4,-2,-13
55260,12,-999,-26,36403,35,308,28803,39895,29949,46965,5,1074,-28,4,-3,-11
55300,11,-999,-26,36359,34,308,26336,37524,30378,51198,5,1074,-28,3,-4,-13
55340,11,-999,-26,36346,34,308,26666,39490,30774,48454,5,1074,-28,2,-9,-14
55380,10,-999,-26,36375,33,308,27644,39624,30878,47354,5,1074,-28,2,-14,-14
55420,9,-999,-26,36343,32,308,28810,40320,28594,47648,5,1074,-28,1,-16,-13
55460,8,-999,-26,36331,31,308,25848,37890,32012,49574,5,1074,-28,1,-19,-14
55500,7,-999,-26,36303,31,308,26605,37387,32851,48369,5,1074,-28,0,-18,-15
55540,7,-999,-27,36268,30,308,24693,38165,33483,48731,5,1074,-28,0,-20,-14
55580,6,-999,-27,36224,29,308,26837,39203,31513,47343,5,1074,-28,0,-22,-11
55620,5,-999,-26,36195,28,308,27246,39350,31094,47090,5,1074,-27,0,-22,-11
55660,4,-999,-27,36198,27,308,30868,38216,29648,46060,5,1074,-27,-1,-22,-11
55700,4,-999,-27,36250,27,308,27756,37672,31512,48060,5,1074,-27,-1,-23,-13
55740,3,-999,-27,36208,26,308,27265,36677,34437,46453,5,1074,-27,-1,-25,-14
55780,2,-999,-28,36389,26,308,29305,38555,33691,44005,5,1074,-27,-1,-26,-12
55820,1,-999,-28,36484,24,308,27818,35854,35516,46748,5,1074,-27,-1,-27,-10
55860,0,-999,-29,36414,23,308,29640,36670,33734,45612,5,1074,-27,-2,-29,-9
55880,0,-999,-28,36398,23,308,30642,38320,32518,44112,5,1074,-27,-2,-28,-9
55920,-1,-999,-29,36474,22,308,28002,36484,35408,46002,5,1074,-27,-2,-29,-8
55960,-2,-999,-29,36360,21,308,29347,36587,33605,45901,5,1074,-27,-2,-28,-9
56000,-3,-999,-30,36626,21,308,28324,36814,34410,46956,5,1074,-26,-2,-27,-10
56040,-3,-999,-30,36612,21,308,29471,39417,33467,44093,5,1074,-27,-2,-29,-9
56080,-4,-999,-30,36572,19,308,29383,38479,33491,44935,5,1074,-27,-1,-31,-7
56120,-5,-999,-30,36505,18,308,30475,38161,32297,45087,5,1075,-26,-1,-31,-7
56160,-6,-999,-30,36577,16,307,27157,36287,35865,46999,5,1075,-26,-1,-29,-8
56200,-7,-999,-30,36659,15,307,27036,35896,37016,46688,5,1075,-26,0,-30,-7
56240,-8,-999,-30,36591,15,307,28097,36401,35079,46787,5,1075,-26,0,-31,-7
56280,-8,-999,-31,36783,15,307,27386,37756,34784,47206,5,1075,-26,0,-32,-7
56320,-9,-999,-31,36955,13,307,30293,40487,31277,45763,5,1075,-26,0,-31,-8
56360,-10,-999,-32,36952,12,307,27237,37667,35689,47215,5,1075,-25,0,-31,-8
56400,-11,-999,-32,36991,10,307,25412,37034,37072,48446,5,1075,-25,0,-33,-7
56440,-12,-999,-32,36850,10,307,33663,39019,33145,41573,5,1075,-25,1,-31,-6
56480,-13,-999,-31,36779,10,307,30346,36334,36286,44150,5,1075,-25,1,-27,-6
56520,-14,-999,-31,36592,10,307,30070,33842,38042,44414,5,1075,-25,1,-25,-6
56560,-14,-999,-30,36418,10,307,33724,35374,36222,40352,5,1075,-25,1,-23,-6
56600,-15,-999,-28,36235,10,307,32920,34504,37700,39816,5,1075,-25,1,-15,-4
56640,-16,-999,-27,35873,10,307,33108,35094,37134,38156,5,1075,-25,1,0,-2
56680,-17,-999,-25,35494,10,307,31630,34210,38162,37974,5,1075,-25,1,12,0
56700,-18,-999,-22,35031,10,307,32814,33340,37786,36184,5,1075,-25,1,20,1
56740,-18,-999,-19,34406,10,307,32388,31016,37526,36694,5,1075,-25,1,23,2
56780,-19,-999,-16,33943,10,308,30002,28590,38366,38814,5,1075,-25,1,22,1
56820,-19,-999,-14,33558,10,308,30197,29947,38967,35121,5,1075,-25,1,22,0
56860,-19,-999,-11,32820,10,308,32848,28148,35934,34350,5,1076,-25,1,21,0
56900,-20,-999,-8,32139,10,308,33206,29120,33176,33054,5,1076,-25,1,18,-1
56940,-20,-999,-5,31771,10,308,32494,28306,35396,30888,5,1077,-25,1,17,-2
[LOG] end
